-1.3
1.0
0.0
0.2
1.3
1.8
1.4
3.2
2.5
1.5
1.2
5.6
3.7
4.9
5.2
3.2
1.0
-0.5
0.5
-0.1
0.9
-2.5
-3.1
-5.1
-6.5
-2.0
0.8
3.9
1.7
1.7
3.1
0.7
-3.6
-1.9
-0.9
3.7
6.0
7.8
7.8
3.1
2.2
0.6
2.8
4.4
6.1
4.6
4.1
3.8
2.3
1.6
3.3
4.7
5.7
2.7
4.1
5.5
6.9
3.1
2.6
1.5
3.4
-0.3
-1.4
0.6
4.0
4.8
7.0
4.8
2.7
3.5
7.8
10.3
14.1
9.8
8.7
8.0
13.6
14.7
7.0
1.9
1.8
4.7
9.6
7.0
3.9
7.1
6.4
7.9
5.4
11.0
12.9
9.3
11.3
12.7
13.7
11.5
11.3
13.9
9.1
13.4
11.1
10.1
11.8
9.0
6.9
7.3
10.5
15.0
14.9
7.8
10.0
6.1
6.2
12.4
14.4
16.4
14.7
16.6
16.6
17.6
16.3
18.1
17.0
17.6
16.6
12.9
15.5
16.0
18.2
16.6
11.7
10.0
11.3
14.2
13.7
13.0
14.5
15.4
16.9
18.5
19.2
15.3
17.4
15.3
15.8
12.8
16.7
23.9
20.1
14.9
14.6
15.5
17.8
17.5
15.8
18.6
20.7
18.3
18.8
17.1
17.8
18.6
17.9
19.1
19.3
20.9
24.1
24.5
25.5
26.3
18.2
18.8
21.1
24.2
26.1
22.4
22.0
18.8
21.1
18.8
18.7
18.6
18.8
21.1
21.8
19.7
16.9
19.7
21.9
23.8
24.8
26.1
26.0
26.0
24.2
25.2
26.5
25.2
21.7
20.9
18.9
18.4
17.5
20.5
21.8
20.6
18.9
19.6
20.8
21.2
22.5
20.9
20.5
22.5
24.9
25.9
26.3
23.0
23.0
25.8
29.2
23.0
21.5
19.8
22.8
23.9
18.5
18.7
17.3
17.5
17.1
20.4
20.9
19.0
23.7
22.4
20.5
22.3
21.5
21.2
21.8
22.7
24.7
23.6
21.3
22.0
21.5
22.9
23.7
23.6
22.5
21.9
18.8
16.9
19.9
21.4
20.7
20.5
21.7
20.3
14.7
16.3
10.1
10.5
10.6
10.2
12.0
15.5
15.7
18.2
18.7
17.6
16.9
15.3
14.3
12.4
10.4
9.2
9.5
9.1
7.7
7.1
6.0
5.6
8.3
9.1
5.8
6.3
6.1
6.7
4.7
5.9
8.6
12.1
10.7
11.9
11.8
10.6
10.7
10.1
8.3
6.5
3.0
7.8
9.1
8.1
8.8
6.8
6.8
2.1
5.0
7.7
10.1
13.9
9.4
14.9
13.3
9.6
7.1
6.5
6.5
5.6
8.1
6.6
8.0
9.7
8.5
6.5
8.4
6.3
3.2
4.5
3.4
1.9
6.7
2.6
4.3
3.5
5.7
4.0
6.2
3.5
4.7
5.1
0.3
-2.5
-2.6
1.0
-3.9
-1.2
1.3
-0.5
-4.5
-5.0
-5.5
-1.9
-2.6
-6.7
-4.4
-1.0
1.2
4.1
4.2
4.0
3.5
2.7
3.1
1.2
1.0
-0.6
0.0
0.1
0.7
1.0
0.9
3.0
4.9
0.6
-0.7
1.9
1.7
1.4
2.2
3.0
1.6
0.2
-1.1
-6.9
-7.1
-0.8
1.5
-0.6
0.2
-3.4
-5.8
-3.0
1.0
1.6
0.4
0.3
0.6
-0.8
-3.7
-2.8
-2.1
-6.9
-2.8
3.5
-0.8
-0.1
2.0
2.0
-0.4
0.0
0.2
-2.8
-3.7
2.7
3.2
1.7
0.4
-0.4
-0.2
-3.4
-0.2
-0.7
1.1
-2.3
-7.1
-6.9
-6.1
-1.9
-3.2
-2.7
-0.8
1.0
3.9
-0.3
-3.5
0.1
3.0
2.3
-3.0
-1.9
-0.6
1.9
4.4
4.4
5.5
8.4
-2.3
-0.1
0.6
6.4
9.4
15.4
12.2
3.3
4.5
4.6
5.8
7.7
7.3
9.9
11.5
12.3
13.7
16.1
17.4
17.7
17.6
15.2
12.9
16.2
16.2
17.8
19.6
20.7
20.0
17.0
17.0
15.9
17.2
19.9
17.9
11.9
20.5
18.5
21.3
20.7
20.1
18.0
17.3
17.3
15.8
16.2
17.7
14.2
13.7
15.4
11.2
9.0
7.8
9.3
4.8
8.2
9.6
10.0
13.6
10.5
14.5
13.5
16.3
16.0
18.3
18.7
24.3
25.3
23.7
15.6
15.4
16.7
19.5
16.9
17.8
16.0
17.2
16.1
18.4
22.7
23.1
20.7
18.7
22.6
26.1
23.7
18.5
19.8
24.0
17.0
15.7
15.8
20.0
20.1
20.6
23.1
24.9
24.2
25.8
27.1
26.3
21.2
20.7
21.8
23.6
22.9
23.7
25.3
25.2
26.7
28.3
20.5
22.1
22.3
20.9
21.6
23.2
23.9
25.9
18.5
17.3
16.8
17.9
21.6
24.1
16.9
20.3
22.0
23.4
24.6
25.2
26.2
26.4
27.2
26.6
26.1
21.6
23.4
25.4
26.1
27.0
28.6
32.2
26.5
18.5
19.4
24.2
22.5
20.3
15.8
18.2
20.2
18.1
20.6
24.8
21.1
22.1
24.9
24.0
21.9
17.7
18.6
20.7
24.9
22.9
17.9
16.7
13.3
14.8
19.7
17.1
13.1
12.7
9.7
13.6
13.8
13.6
9.5
8.8
10.9
12.3
14.5
15.7
16.4
14.6
12.2
12.4
13.9
13.6
13.2
9.0
7.0
7.1
7.1
7.2
6.9
5.6
5.6
6.5
6.7
5.3
7.1
7.7
6.1
7.2
5.2
4.5
6.0
8.3
10.5
10.2
8.7
11.1
10.0
7.9
7.0
7.3
8.2
8.0
8.8
6.5
5.5
5.5
4.6
5.4
7.0
4.3
1.8
2.4
2.0
1.6
2.0
1.4
1.0
3.5
5.3
8.6
9.1
5.9
6.3
7.3
5.5
3.7
0.9
0.6
2.3
4.6
3.5
0.5
2.0
-0.9
-0.7
-1.5
-2.2
-1.6
-2.9
-3.3
-3.3
-4.4
0.0
0.6
3.6
3.2
6.1
2.2
0.6
1.1
2.8
2.9
1.8
2.5
1.4
0.7
-1.9
-1.9
-0.3
1.6
2.7
3.5
5.9
8.3
6.6
2.4
1.3
0.8
1.6
5.7
4.7
0.5
-0.6
-0.8
-2.1
-2.6
-3.2
-5.2
-4.6
-2.1
-3.4
-3.1
-2.9
-4.3
-2.5
-3.3
-6.6
0.2
-3.8
-5.7
-0.1
6.4
3.7
1.3
2.2
0.2
-2.9
-4.1
-0.9
-1.2
-2.1
-4.4
-5.9
-5.6
-1.6
0.7
1.5
0.3
0.1
-2.3
-3.5
-2.9
-0.4
0.8
3.6
5.7
5.4
4.6
1.3
0.1
0.5
2.5
3.3
2.3
3.7
2.2
-0.7
-0.7
2.9
2.3
1.6
0.4
-0.6
-2.0
-4.8
-2.4
1.2
3.9
4.2
2.7
3.6
6.3
4.2
5.9
6.9
8.6
9.6
9.5
9.9
5.9
9.6
14.1
13.5
12.4
10.5
13.5
13.4
9.6
14.2
14.1
9.7
11.7
13.8
10.0
8.8
9.5
11.4
11.9
9.8
8.6
11.3
11.3
7.3
8.5
9.4
10.0
10.7
11.7
12.9
15.3
16.9
14.4
11.3
13.2
15.9
17.1
14.4
10.9
9.5
10.2
6.7
8.4
10.1
3.4
10.4
10.1
10.6
13.4
16.3
19.6
19.9
19.6
20.3
20.4
19.9
21.6
22.5
22.6
19.7
21.9
14.6
15.1
11.7
14.3
13.9
12.3
13.5
14.2
15.9
16.1
20.1
22.9
21.8
22.3
21.3
20.9
18.4
19.4
20.8
21.8
22.2
23.9
21.7
20.5
22.3
23.3
23.7
20.4
22.1
22.7
22.2
20.9
19.3
22.7
22.1
23.2
22.5
23.2
22.7
21.5
23.3
25.0
25.7
25.0
17.5
18.2
19.7
18.4
20.4
20.1
21.7
24.7
26.1
19.5
21.1
22.5
24.0
23.8
21.3
22.9
24.3
22.5
25.7
25.1
19.0
19.7
17.8
19.6
17.3
18.6
14.3
15.0
15.5
15.8
18.0
18.0
19.6
19.8
19.6
19.4
21.3
21.9
21.8
22.0
20.6
22.0
24.8
14.9
17.5
20.0
20.1
18.8
13.5
16.7
18.4
21.5
18.3
17.5
21.0
20.9
17.5
13.4
10.4
13.7
17.0
19.0
15.0
14.4
13.7
12.2
10.9
12.5
13.6
16.9
19.6
20.9
17.1
16.8
14.8
18.9
21.3
17.6
15.9
17.1
19.9
18.3
17.7
16.8
18.1
17.4
12.1
8.9
7.8
7.4
6.6
4.6
6.0
8.1
11.2
11.7
14.9
17.2
17.1
18.5
16.5
11.7
9.7
6.5
4.7
9.8
11.0
9.4
8.4
7.0
5.2
4.6
4.8
6.9
5.6
4.9
5.4
6.8
7.7
6.2
5.2
4.8
4.3
3.2
3.2
3.2
3.9
4.2
2.3
0.0
0.4
0.1
2.2
3.5
5.4
3.3
-2.0
-5.8
-5.7
-5.1
-2.7
1.6
2.5
1.7
-0.4
0.0
1.7
4.3
3.3
5.5
1.6
2.9
4.4
5.2
5.4
0.9
-2.4
-2.3
-3.1
-5.6
-8.1
-8.9
-7.4
-5.5
-7.5
-1.6
-5.5
-6.9
-4.7
-5.4
-4.6
-6.8
-0.1
-0.4
-4.5
-10.1
-11.9
-10.6
-9.5
-7.9
-3.3
-5.8
-6.8
-7.3
-12.9
-13.5
-9.8
-7.1
-3.6
-0.6
1.3
-2.8
-6.4
-0.1
1.6
-3.3
-9.7
-11.2
-11.1
-21.0
-19.3
-20.8
-12.5
-10.1
-11.7
-12.3
-9.2
-7.8
-10.9
-14.3
-10.4
-10.0
-2.9
-2.7
-6.6
-6.6
-3.3
-0.7
-4.7
-5.9
-3.6
-4.4
-5.3
-9.3
-10.4
-7.0
-7.2
-7.1
-7.1
-8.8
-3.1
1.4
2.9
3.9
4.7
6.5
9.2
9.2
5.6
5.3
5.1
4.1
1.3
4.5
4.9
6.4
6.6
5.5
5.5
5.4
6.1
7.1
5.7
6.1
6.1
4.6
6.3
8.5
8.2
9.9
3.8
4.3
8.0
9.0
11.8
9.8
7.2
10.1
12.9
13.4
13.1
9.9
6.7
4.0
2.6
2.5
5.5
6.2
4.9
3.8
4.2
5.1
5.1
4.9
7.1
8.9
6.8
6.4
7.0
2.7
6.0
7.6
9.4
12.0
16.0
14.2
16.2
18.7
17.2
16.7
16.4
15.7
14.3
17.5
17.6
15.9
11.6
8.2
10.1
13.0
14.3
15.1
16.6
11.3
13.0
15.0
16.1
17.6
18.4
19.0
18.8
20.1
18.8
19.4
20.6
19.8
18.6
17.6
18.6
15.0
16.7
16.3
13.6
16.2
21.7
19.1
18.4
19.4
21.8
21.9
20.6
20.9
22.4
23.7
23.7
24.6
25.1
23.0
19.9
19.6
23.3
25.4
24.9
20.1
21.3
23.8
19.5
13.5
19.3
21.2
19.1
20.4
19.2
17.4
17.3
17.4
21.3
20.7
18.7
18.8
15.9
17.2
22.1
19.4
18.0
17.4
20.7
20.7
18.7
20.0
25.0
24.6
23.8
23.1
19.1
17.1
18.3
19.4
23.4
23.7
24.1
24.8
25.9
22.8
21.9
23.8
19.4
18.9
21.4
24.3
27.1
21.0
14.9
15.5
18.8
20.2
21.9
23.5
18.6
18.9
19.0
18.6
18.5
18.0
18.0
17.8
19.7
19.7
21.1
20.5
21.5
21.5
23.2
22.5
20.4
21.5
20.5
20.9
22.6
20.5
20.5
24.7
19.6
18.9
14.2
13.9
19.8
17.3
14.4
13.0
11.5
12.7
13.2
16.0
11.1
9.0
6.6
7.9
7.5
7.3
7.9
9.7
6.4
5.9
5.6
5.7
6.8
9.3
9.4
7.5
9.1
11.7
12.6
10.9
14.1
16.2
12.3
11.8
13.4
14.6
12.6
16.2
8.9
6.9
5.1
6.9
4.4
6.6
8.3
6.7
7.4
7.3
9.3
10.0
9.0
10.6
10.2
10.1
11.8
9.4
8.1
7.1
3.8
2.7
2.4
1.2
-0.1
-2.3
-4.7
-6.1
-7.9
-3.9
-3.4
-2.4
-0.3
0.9
2.5
4.8
6.2
5.7
4.7
4.1
3.4
2.3
-1.7
0.5
0.6
-0.2
2.5
4.6
6.1
6.4
5.4
4.9
2.6
-0.4
-0.8
-1.0
-1.3
0.5
1.7
1.6
0.7
-0.3
0.4
0.6
1.3
0.5
-3.0
-3.2
-3.3
-6.3
-4.1
-7.3
-10.5
-2.7
0.7
0.9
0.5
0.3
1.3
1.9
0.2
0.2
0.3
2.1
-1.3
-5.9
-12.4
-10.3
-7.5
-3.5
-9.6
-3.7
-5.8
-10.5
-8.0
-2.6
-1.3
-5.7
1.3
0.2
1.0
1.9
2.0
1.3
1.4
1.2
3.0
2.6
0.4
-3.6
-2.7
-2.3
-2.0
-5.4
-0.1
5.9
2.7
4.3
-1.9
-2.8
-4.8
-2.3
-4.1
-4.3
-3.8
-1.5
-1.8
-1.8
-3.0
-2.9
-3.5
-0.2
2.1
2.2
3.7
2.2
-1.1
-0.4
3.0
3.9
2.1
4.1
4.0
1.7
-0.1
2.7
7.4
9.8
9.0
11.2
13.6
12.9
10.8
6.4
3.3
2.6
0.2
3.1
4.0
4.9
6.0
6.9
8.2
9.5
8.3
5.0
5.5
8.5
8.6
10.4
7.3
6.6
6.9
7.2
1.8
1.2
2.5
6.5
5.3
7.3
10.9
5.1
5.8
9.2
10.5
16.2
18.3
20.5
20.8
18.3
13.1
17.3
16.6
19.0
12.5
15.6
18.6
17.1
11.6
14.6
18.3
21.2
9.4
12.3
20.3
9.7
12.1
11.5
11.3
8.8
13.1
15.4
17.2
15.9
17.0
12.7
9.9
11.3
15.4
15.3
9.5
15.2
17.2
19.4
21.4
25.6
21.7
21.6
14.9
14.0
15.5
12.7
13.7
18.5
20.1
17.5
20.3
23.1
21.2
18.9
19.0
21.2
21.4
22.0
21.5
20.5
19.0
20.7
20.0
21.4
25.4
24.1
19.4
16.4
15.9
17.7
16.8
19.9
20.0
20.1
19.0
20.7
22.3
22.6
21.8
21.8
24.4
25.0
22.6
22.2
22.9
22.5
19.0
18.8
19.9
17.6
19.1
18.3
21.1
21.8
20.8
21.2
21.4
19.9
17.5
18.4
19.5
15.3
14.9
16.2
18.8
19.0
20.0
19.6
20.8
18.9
19.4
21.7
21.5
20.9
21.3
20.6
20.1
20.0
20.8
20.6
20.0
18.3
19.4
18.7
19.3
20.0
20.0
20.8
20.8
20.1
20.2
19.6
18.9
20.1
19.1
19.7
18.9
17.0
15.5
13.5
14.0
14.4
14.1
12.2
13.1
12.5
14.1
13.5
13.5
13.5
12.4
10.8
11.6
11.3
10.4
12.0
14.5
15.0
15.9
14.0
14.8
13.4
11.9
16.9
14.9
12.3
11.3
12.0
9.8
8.6
7.0
13.6
7.2
9.0
8.5
13.5
12.6
11.9
9.6
8.5
10.6
11.2
5.8
0.9
0.6
3.0
3.5
6.0
8.1
9.7
10.2
11.0
11.0
9.5
7.3
6.0
5.7
8.5
6.9
4.4
2.1
0.8
2.7
1.3
-0.1
2.0
1.5
4.6
3.1
0.1
-2.9
-1.4
0.3
0.7
-1.8
1.5
2.6
2.6
3.6
2.4
2.6
6.1
5.0
1.1
3.3
4.2
-2.3
-4.8
-4.2
-0.5
2.6
2.4
4.4
2.2
-1.3
0.8
1.1
0.4
0.8
1.8
0.1
1.0
0.8
1.2
3.5
3.7
1.7
-1.5
-1.0
-0.8
-0.3
-0.9
-1.5
-3.6
-2.3
-0.7
-0.2
1.1
3.0
3.6
4.4
4.4
1.4
6.3
3.8
2.3
3.8
6.3
6.6
7.3
1.9
-0.5
-3.1
-2.2
-3.4
-7.2
-13.4
-12.5
-11.9
-12.3
-12.3
-10.5
-10.0
-9.8
-10.1
-11.5
-12.9
-7.7
-8.5
-11.3
-8.5
-10.2
-12.3
-17.2
-7.7
1.7
0.7
-3.5
-4.8
-6.5
-5.6
-9.1
-5.9
-7.6
-9.3
1.9
0.3
3.3
1.1
2.8
1.0
0.6
-3.2
-4.4
-4.4
-6.0
-3.8
-2.4
-0.3
1.1
1.8
2.4
2.0
-0.9
0.3
1.3
2.5
6.2
4.0
3.7
7.8
5.7
4.5
7.1
8.1
9.5
9.2
8.2
9.1
11.1
6.5
3.8
2.5
3.0
4.3
7.8
10.8
12.3
14.0
14.7
16.8
19.3
20.2
17.5
12.2
8.8
9.1
10.7
10.1
10.1
10.4
12.5
11.8
12.9
16.3
13.5
11.7
12.0
13.6
13.3
13.3
16.1
17.1
16.4
16.9
17.2
13.7
12.1
14.9
15.1
14.5
13.9
17.1
17.5
18.4
9.5
12.6
14.9
16.5
17.5
18.1
17.6
19.0
16.5
18.9
19.5
19.3
20.8
20.7
21.4
20.7
23.2
23.1
23.2
24.2
19.3
15.8
20.8
24.4
23.8
20.0
19.9
14.7
18.0
17.2
21.2
20.6
17.3
14.1
16.3
14.9
16.4
17.0
16.0
15.8
17.3
16.6
18.7
22.4
21.1
21.6
20.2
22.1
20.6
20.5
18.9
21.8
23.1
21.5
23.5
25.0
23.3
21.8
20.5
19.5
20.4
19.7
22.0
19.6
17.7
18.3
15.9
18.4
23.8
24.5
26.3
26.8
21.4
22.1
20.1
17.1
18.5
19.1
20.7
25.5
18.7
19.2
20.7
21.6
20.3
17.6
19.8
16.5
18.8
22.2
24.0
22.9
21.8
23.3
19.8
18.4
15.9
20.6
19.9
25.2
28.0
26.1
22.6
17.6
19.2
22.6
23.5
24.9
20.1
20.4
22.4
20.1
19.3
20.0
19.3
15.3
11.3
12.3
13.2
16.2
12.0
9.9
10.3
11.9
12.9
12.6
15.8
15.3
12.2
13.1
15.8
15.5
15.2
15.2
16.0
19.0
18.0
16.1
12.8
9.3
7.7
6.9
8.0
7.8
4.7
6.5
5.4
8.3
8.0
6.3
5.4
7.2
10.2
12.7
12.3
10.4
7.5
7.3
7.9
9.4
10.5
9.1
4.9
5.3
0.3
-0.5
0.1
1.2
1.2
0.6
3.4
2.2
-3.0
-4.0
-4.4
-3.5
0.9
3.9
3.9
5.7
2.7
2.5
4.5
-1.9
-4.2
-5.4
-2.5
-1.6
-2.7
-3.5
-1.2
4.5
3.0
3.0
2.5
2.7
1.4
1.2
0.5
3.3
5.7
1.8
0.9
-0.6
-1.6
-1.0
0.2
1.2
2.2
3.5
2.7
2.5
-0.4
-1.8
0.4
-0.9
-1.1
-1.4
-0.1
0.5
-1.4
-2.7
-9.7
-8.9
-6.9
-6.2
-0.8
-1.8
-4.3
-2.3
-0.3
-1.2
0.4
1.0
-0.6
-1.7
-0.8
-4.3
-2.1
-5.3
-1.6
-4.7
-7.6
-7.3
-11.0
-4.6
-5.4
-7.0
-7.6
-2.6
-1.0
-2.9
-4.8
-3.1
-0.6
-2.4
-1.9
-2.5
0.3
1.6
0.9
0.5
0.6
0.1
1.6
2.9
1.3
2.0
2.9
4.4
5.4
6.7
6.2
5.7
7.9
6.5
3.5
6.1
2.1
1.3
0.2
2.1
2.6
0.6
-2.1
-2.4
-1.3
-3.3
-3.3
0.8
-0.4
0.6
0.1
0.3
1.4
3.2
5.0
6.2
9.7
9.8
8.7
1.5
8.5
11.2
12.4
13.2
11.6
11.0
9.4
9.5
8.2
5.6
5.0
7.3
8.5
9.4
10.9
11.8
11.9
13.1
13.0
13.6
13.5
8.3
6.9
10.7
12.7
7.2
6.2
5.7
4.7
5.7
7.5
8.2
7.5
8.6
11.8
14.0
12.9
13.3
14.4
15.5
18.2
18.7
20.0
20.2
10.7
8.7
9.1
12.4
11.2
6.7
4.1
4.7
5.5
8.1
11.4
15.9
17.0
18.8
18.8
17.9
18.4
19.4
17.7
15.8
15.3
15.8
19.5
19.9
13.0
11.8
7.7
9.0
9.7
11.8
14.2
16.0
19.1
21.0
22.1
18.8
17.7
17.9
20.9
22.2
22.0
26.7
26.6
21.0
18.9
19.8
20.0
21.7
22.4
21.3
21.0
17.9
22.1
22.6
25.7
23.7
16.1
16.4
17.8
23.0
24.6
25.0
25.4
22.8
23.8
28.4
27.5
25.5
28.4
27.1
23.7
21.7
19.3
23.2
23.6
21.4
19.9
18.6
19.6
21.4
22.1
18.2
17.1
17.2
18.4
18.6
20.2
21.1
15.9
19.6
19.4
20.5
19.9
21.3
18.4
18.3
18.6
20.0
22.3
22.2
21.2
24.4
24.5
27.1
26.8
27.4
26.1
23.7
17.5
18.8
19.5
18.5
19.9
17.5
15.6
18.7
19.3
17.4
17.1
18.5
14.5
15.0
15.5
17.2
16.0
17.4
16.9
17.0
18.4
18.9
19.7
20.7
20.7
17.5
18.8
15.0
16.1
13.8
12.2
12.0
12.6
12.7
16.5
14.3
17.4
20.1
19.5
11.4
9.2
9.3
12.6
13.5
10.0
7.1
6.5
6.8
8.0
4.5
7.0
7.7
10.4
10.3
8.6
9.6
10.9
13.0
9.4
10.0
9.3
10.6
12.8
12.4
12.9
9.8
10.2
10.9
9.5
10.5
6.9
9.7
8.5
8.4
7.2
8.9
8.3
9.6
12.8
13.0
12.3
11.7
11.3
9.8
11.6
8.8
10.3
7.9
3.7
1.7
0.1
2.3
2.0
2.9
1.8
1.8
-1.7
-3.0
-1.1
0.6
0.9
3.9
5.1
4.6
2.9
-6.1
-5.0
-2.5
-4.9
-5.6
-4.1
0.7
-5.9
-1.8
4.0
2.0
0.1
2.9
8.6
10.7
3.1
-1.9
0.6
1.5
-0.4
1.1
-0.6
-1.4
-3.7
-3.5
-0.5
1.5
0.2
-1.2
-1.1
-1.8
-2.3
-0.7
-2.5
-2.7
-5.2
-6.7
-5.0
1.5
-1.5
-4.6
0.5
-0.1
2.0
3.6
2.9
2.9
1.1
0.9
0.7
1.8
2.6
0.0
-7.6
-2.4
-7.8
-4.8
-3.6
-5.1
-8.8
-10.3
-7.3
-8.4
-5.1
-8.6
-4.7
-2.2
0.8
2.4
-0.4
-1.4
0.7
1.1
8.2
8.5
7.6
5.6
6.8
8.0
5.7
1.6
0.8
0.8
-0.3
1.3
0.0
-0.5
-0.2
9.3
8.8
0.7
-1.7
-2.3
-0.6
-3.7
-1.9
0.3
0.7
2.1
-1.5
-8.5
-3.3
2.1
0.0
-1.1
-1.5
-1.4
-0.3
-0.2
1.0
3.2
3.5
-0.9
1.9
0.2
-0.7
3.7
7.5
9.9
10.0
9.6
2.0
-0.4
2.8
5.4
10.6
12.3
7.4
3.1
3.3
2.5
2.9
5.1
5.7
6.9
10.2
12.7
8.6
6.1
5.4
6.8
9.5
12.1
8.2
8.8
8.1
8.5
12.0
14.9
9.0
9.9
11.6
14.0
15.0
15.9
11.4
12.1
13.3
14.5
15.7
14.9
20.8
23.2
25.9
23.3
21.8
26.3
22.5
19.2
15.3
18.6
19.2
22.9
21.5
20.6
21.6
21.9
24.5
25.4
25.8
19.6
19.5
21.6
21.1
21.0
22.6
19.3
16.0
13.5
13.7
17.0
20.5
20.5
15.8
15.3
14.2
15.3
16.9
17.3
17.5
19.5
18.1
20.0
19.8
18.5
18.6
20.2
18.0
18.9
18.2
13.7
14.4
18.8
20.2
21.7
23.7
20.5
18.7
18.3
19.1
18.9
18.0
20.7
22.4
24.1
25.5
26.7
25.8
26.8
26.8
18.8
19.1
21.6
23.2
25.0
22.5
19.3
19.0
17.8
18.9
20.8
24.8
23.7
24.4
24.8
28.0
22.3
14.8
17.0
19.5
22.2
18.8
19.5
19.9
18.1
21.3
21.9
20.6
20.1
22.4
21.8
23.2
21.1
22.3
20.8
22.2
20.9
20.5
20.9
16.3
17.2
17.1
16.3
18.1
18.0
19.4
16.5
14.3
11.5
16.5
18.0
18.2
18.8
17.8
16.7
16.5
15.7
15.0
14.0
14.8
17.2
17.7
16.9
16.0
15.8
17.3
19.4
15.2
13.7
17.3
13.0
12.5
11.0
9.2
12.8
16.1
14.1
15.2
15.5
15.3
15.5
17.5
15.2
14.1
14.5
14.4
14.7
14.7
12.2
11.5
8.8
6.0
7.7
6.0
6.1
4.5
4.3
6.0
6.5
4.7
7.3
4.9
6.5
7.4
4.6
6.8
10.0
8.2
8.3
7.8
5.4
6.9
8.2
7.5
9.5
11.1
10.4
9.8
9.8
9.8
9.1
8.8
8.6
6.8
3.5
1.8
-1.3
-0.4
-1.0
-0.6
-0.7
0.2
2.5
0.3
0.4
0.4
1.6
-2.0
-3.5
-5.9
-5.2
-3.3
-4.2
-4.0
-2.3
0.1
2.5
2.2
0.5
4.0
4.6
4.3
6.1
9.8
5.7
6.7
7.1
8.6
7.1
8.0
7.3
4.8
3.0
3.5
1.8
3.3
2.7
2.6
2.5
4.0
1.5
-1.7
-0.9
2.0
3.4
2.6
-0.6
-3.4
-1.9
-2.4
-2.5
-1.6
-6.2
-5.5
-4.7
-4.1
-5.3
2.2
2.3
3.7
1.9
-0.1
-2.8
-2.1
-1.3
-2.6
-0.4
-0.8
-0.7
-1.2
-4.2
-3.9
-6.7
-3.6
-3.7
-4.6
-4.4
-4.9
-4.7
-5.2
-6.0
-6.6
-6.0
-2.8
0.1
2.0
1.8
-1.4
2.5
-0.6
-0.6
0.0
-0.6
4.0
4.9
5.5
7.0
4.7
5.0
6.0
4.7
7.0
9.9
9.8
6.1
1.5
1.3
1.4
3.4
4.0
4.4
5.8
5.2
5.4
4.1
4.8
5.9
7.3
8.5
11.1
10.0
8.5
8.9
11.2
9.7
7.7
9.9
9.0
8.1
9.2
9.8
11.5
10.3
12.4
9.4
13.8
15.3
8.1
9.9
10.1
11.0
13.0
15.1
17.2
13.0
11.3
5.4
3.8
5.9
8.9
10.1
8.9
10.8
12.9
13.4
14.2
16.0
14.0
13.6
12.1
11.3
12.5
14.9
15.8
17.2
18.9
19.3
17.6
15.0
11.0
13.2
16.5
18.6
15.8
19.5
19.9
19.2
20.0
13.1
13.4
13.0
13.4
17.0
16.6
14.9
16.4
17.7
15.0
16.9
18.0
15.4
10.6
16.9
19.6
20.7
21.8
20.3
20.4
16.4
17.3
18.4
15.8
16.1
17.6
15.4
19.3
21.1
21.1
20.1
21.1
19.5
17.4
19.0
19.7
21.3
21.4
22.5
17.9
15.6
18.7
20.6
19.6
20.7
20.8
21.5
23.1
24.2
25.1
26.0
28.0
26.3
23.9
23.4
22.1
22.5
21.9
21.8
22.3
23.4
22.3
22.8
23.6
22.3
22.5
21.9
22.7
24.8
25.6
23.5
20.0
19.3
18.2
17.3
18.8
18.4
19.1
20.3
21.5
23.1
23.1
22.1
21.6
21.6
20.5
19.9
19.6
20.1
20.5
20.5
20.8
21.4
21.8
22.6
23.7
23.5
19.5
18.3
16.7
15.5
14.5
13.8
10.8
12.8
14.0
13.5
13.2
14.1
14.8
15.9
14.9
15.7
17.7
18.3
13.6
13.5
16.4
11.1
9.6
11.2
12.9
13.7
18.5
17.4
13.3
11.5
10.1
10.6
11.9
7.6
6.8
7.8
11.0
11.9
8.6
5.7
4.0
7.0
8.9
10.6
9.4
11.6
8.4
7.8
3.8
4.4
4.0
5.3
5.8
7.4
9.0
11.2
11.8
8.0
5.1
9.9
5.4
8.1
14.2
16.1
12.4
7.2
9.4
8.8
9.1
8.6
5.8
6.4
7.1
5.5
5.5
5.7
2.7
1.5
5.0
4.1
3.9
3.8
6.4
6.9
6.6
4.7
4.0
0.5
-1.9
-2.5
-1.8
0.1
2.0
3.9
4.8
4.9
4.9
6.0
6.3
8.3
7.2
5.8
4.7
4.0
4.2
5.1
6.0
6.0
5.8
2.2
-0.4
-0.3
0.3
-1.2
-1.3
-0.5
0.1
-0.1
1.2
2.5
5.7
5.1
6.5
6.0
4.7
3.2
4.8
1.5
0.0
1.6
0.0
2.3
1.0
0.6
1.4
-2.6
-7.7
-9.7
-6.3
-4.0
-8.2
-12.5
-6.1
-8.3
-4.0
-10.0
-6.5
-5.1
-4.4
-8.3
-4.5
-0.5
1.8
2.2
4.2
2.4
3.6
-2.9
-9.7
-8.4
-7.8
-10.1
-9.2
-9.4
-9.3
-7.5
-3.4
-2.4
-0.4
4.2
7.0
2.9
1.8
1.3
0.6
2.1
2.6
3.2
1.8
2.7
6.0
5.3
3.0
2.1
-0.5
0.9
4.0
4.4
6.4
5.4
2.4
-1.7
-2.6
-1.5
1.3
1.3
2.3
5.4
7.1
6.3
8.5
12.0
11.2
6.6
4.0
4.9
5.8
6.1
3.7
5.6
6.0
8.7
7.2
11.9
12.5
10.8
8.6
7.6
8.4
9.7
10.5
6.8
8.4
9.4
5.0
6.4
8.3
10.0
13.9
14.3
15.0
11.5
10.8
14.2
15.6
15.5
14.9
12.7
10.3
8.4
6.1
5.1
7.1
5.5
6.4
8.3
9.8
11.4
8.7
9.7
11.8
13.0
11.5
11.9
12.3
13.7
13.3
15.1
14.1
13.6
12.9
15.1
17.3
19.4
21.4
24.3
19.5
16.3
19.0
17.5
15.8
16.3
14.6
11.1
12.9
13.1
17.8
21.8
22.4
21.2
20.5
20.7
20.8
21.7
22.8
22.6
21.6
22.2
16.9
17.1
20.2
22.5
21.0
17.3
18.8
17.8
22.9
18.6
13.8
15.7
18.4
19.5
20.4
19.3
20.0
20.6
16.5
16.4
16.1
16.1
17.1
17.0
17.2
21.1
21.2
22.0
23.7
17.7
22.0
23.2
20.1
19.2
22.2
23.0
22.8
22.5
24.5
27.1
23.1
19.2
20.7
14.5
13.8
16.8
15.5
17.7
18.0
19.2
21.6
22.7
22.1
20.3
19.9
21.2
19.6
18.5
20.1
17.4
19.3
21.0
21.8
19.6
18.1
18.6
17.0
17.6
21.2
18.5
17.1
16.7
17.8
18.6
20.2
20.3
22.1
22.3
20.2
18.7
19.3
16.7
17.6
18.0
17.0
18.3
20.6
16.9
12.0
11.7
13.0
11.5
13.1
14.8
12.3
12.2
12.2
14.9
14.8
17.0
17.3
19.0
19.0
15.7
14.7
9.5
9.7
11.7
11.1
8.3
8.9
9.2
10.0
10.1
9.3
11.3
13.3
14.8
14.6
13.1
15.4
13.7
12.4
10.2
9.7
9.8
11.4
11.5
9.8
7.9
6.1
10.9
13.1
11.0
11.6
15.1
16.0
15.7
14.1
12.4
13.8
13.9
12.0
10.1
10.3
11.4
11.9
14.8
11.4
8.7
7.3
5.4
7.2
8.5
7.0
8.4
9.7
7.8
7.1
7.2
5.1
4.7
4.7
3.4
3.2
3.0
4.0
6.0
6.0
6.6
5.8
4.2
3.6
3.1
1.5
-0.8
4.2
7.0
10.8
6.0
7.9
10.3
10.2
7.3
3.5
3.4
4.1
3.1
4.1
3.1
4.5
7.3
6.9
7.9
7.2
3.6
1.1
-0.8
-0.6
-0.3
0.6
0.1
1.1
1.0
1.3
1.4
6.3
7.0
4.9
0.2
2.5
0.1
1.0
1.3
1.6
-1.7
-5.8
-6.0
-1.6
-2.1
-4.1
-8.8
-6.4
-4.7
-7.5
-8.0
-4.6
-4.7
-5.2
-7.7
-8.8
-11.5
-8.5
-5.6
0.4
1.1
1.2
0.3
0.6
-0.6
-0.4
-1.3
-1.4
-1.1
0.5
1.0
0.7
3.1
2.1
1.4
2.1
3.6
1.4
0.1
1.5
2.4
0.3
0.3
1.4
0.5
1.9
2.5
1.5
2.3
3.3
4.0
4.1
4.9
5.6
7.5
7.9
8.0
10.7
10.7
10.7
10.3
6.6
11.4
10.1
10.1
11.9
6.0
3.2
5.1
2.3
3.4
7.1
9.3
9.9
8.7
4.3
4.9
8.8
11.6
11.7
12.9
13.3
14.3
15.7
17.7
19.3
19.8
9.7
9.5
14.6
10.9
13.8
15.0
18.3
17.4
14.2
14.1
14.1
10.8
10.9
10.7
12.4
14.4
13.5
14.3
13.9
14.4
13.8
12.1
12.7
13.9
14.6
13.3
15.0
17.3
15.6
13.2
13.0
12.6
11.5
9.8
11.1
13.9
13.2
11.9
12.3
12.2
13.4
14.3
14.6
14.5
14.6
14.8
17.5
17.8
17.6
18.9
17.0
16.1
16.2
21.4
19.8
17.8
20.3
18.9
20.0
18.1
19.5
19.3
21.0
19.6
19.7
20.6
18.5
17.7
19.0
19.0
20.3
23.7
19.7
21.5
22.3
21.0
22.7
23.9
26.2
28.1
20.2
17.9
20.0
22.9
23.0
25.6
27.2
19.6
19.4
17.8
19.3
20.5
19.4
20.7
22.1
23.5
18.0
22.0
24.4
21.2
18.8
18.5
16.3
18.7
20.2
20.6
19.3
17.7
18.3
22.9
26.0
21.4
13.9
15.2
18.6
20.3
21.0
20.2
21.6
24.3
26.2
25.8
26.6
27.9
29.3
25.7
17.4
16.8
19.6
17.1
14.6
16.5
18.9
18.1
18.3
20.1
16.5
16.1
16.4
19.1
20.9
21.3
20.1
18.6
17.5
18.6
19.0
20.0
21.0
21.4
24.2
21.8
17.5
16.0
15.0
15.3
16.2
18.9
20.6
20.2
16.7
17.8
21.0
20.9
17.3
15.2
14.0
12.3
11.6
13.9
15.6
17.1
15.5
15.6
16.1
12.6
13.9
13.8
14.5
14.0
12.7
14.7
13.2
14.4
13.5
10.4
9.5
11.3
10.5
10.8
9.7
11.9
17.5
20.1
18.5
11.3
11.5
11.3
9.1
7.2
7.0
7.2
8.2
10.0
10.3
9.0
5.4
6.3
6.8
9.5
6.8
9.7
11.8
6.7
7.9
11.2
10.7
10.2
9.6
9.4
2.7
3.2
4.9
5.4
3.8
0.6
-0.7
-2.9
-3.0
1.2
4.3
5.6
10.0
7.1
3.3
5.5
6.5
10.4
7.0
10.9
10.9
8.8
2.4
0.8
-1.2
-0.9
0.8
0.9
-0.9
-6.8
-7.6
-10.5
-8.6
-4.0
-1.8
-1.0
-2.3
-6.3
-8.4
-12.1
-10.1
-10.2
-4.5
-0.2
0.8
0.1
2.0
2.1
1.1
0.1
-1.5
-4.9
-5.0
-4.0
-4.2
-5.3
-4.2
-0.4
0.7
1.7
1.5
-0.3
-2.0
-0.2
2.0
-0.9
-0.5
1.1
1.4
1.0
-0.1
3.1
0.8
-0.2
0.7
-4.5
-1.3
-4.0
-3.5
-1.6
0.1
-0.6
-0.2
-0.3
-2.9
-3.0
0.4
0.5
-0.9
-0.8
3.4
-0.6
-0.8
-4.7
2.1
-0.4
-0.6
1.0
0.8
-2.4
-3.8
-5.7
-4.1
-1.9
-0.9
-0.3
2.4
1.2
2.5
8.1
13.4
8.7
-0.9
-1.4
-0.5
2.0
3.3
3.5
0.2
-3.3
-4.8
-5.1
-4.4
-4.7
-4.7
-3.5
-2.6
0.3
1.1
0.8
0.6
0.1
0.6
3.5
4.5
10.6
10.8
8.0
7.2
7.9
11.8
9.3
8.2
7.4
7.5
10.3
12.2
13.0
13.0
11.6
9.9
12.4
15.5
16.2
14.9
17.2
18.1
18.7
18.6
19.8
21.6
20.0
17.5
13.9
9.2
7.3
7.7
6.4
8.6
8.6
11.7
12.8
12.8
15.3
18.2
19.3
16.5
12.5
13.9
17.6
14.2
13.4
12.0
16.8
16.7
17.7
20.7
11.3
14.6
16.8
18.7
18.6
19.2
19.7
21.3
22.3
14.8
17.9
15.6
10.4
10.9
9.9
10.9
8.0
7.9
12.9
14.4
14.8
18.8
14.7
14.0
18.0
20.8
25.4
23.3
22.4
23.4
24.1
23.5
24.1
25.4
27.6
25.0
18.2
18.1
14.3
16.3
14.4
15.8
16.1
16.0
13.3
14.4
15.8
16.9
15.3
17.2
19.1
21.7
21.5
20.4
19.2
17.5
19.1
20.0
19.0
16.7
20.8
21.7
23.7
20.9
21.9
21.4
24.3
27.3
21.7
18.0
19.8
18.5
22.1
23.0
25.4
25.0
25.8
24.5
27.8
22.4
19.6
22.5
23.8
24.1
25.4
25.4
27.2
22.9
21.5
22.1
17.9
17.1
16.7
20.0
18.5
21.5
24.8
20.0
21.2
20.7
21.3
17.6
17.6
14.4
16.4
17.5
19.9
22.9
21.4
21.8
16.1
14.0
14.7
17.7
21.3
19.4
13.3
12.8
16.8
19.5
15.8
10.9
11.6
10.6
9.6
10.7
10.0
11.6
11.4
12.2
13.9
15.2
14.3
15.0
14.4
14.6
13.8
14.3
15.7
15.0
15.0
13.8
11.8
9.6
10.3
11.7
10.2
10.1
5.5
5.7
8.2
10.2
9.8
4.8
4.3
4.2
4.2
4.6
4.6
7.3
5.3
6.0
7.9
10.2
15.9
11.0
12.2
10.4
10.4
8.5
11.7
9.0
7.7
7.3
5.8
10.0
9.4
9.0
9.4
4.7
1.4
5.7
9.6
9.1
4.4
3.6
5.1
3.0
0.7
-0.2
0.0
0.7
2.4
2.1
0.0
-1.9
-4.0
-4.5
-3.3
-1.3
-3.1
-1.8
-2.7
-3.2
-2.0
-2.8
-3.1
1.3
0.6
1.6
0.6
0.3
-2.3
-5.5
-10.4
-9.8
-9.7
-7.3
-6.0
-5.5
-4.8
-6.1
-4.5
-0.4
-2.4
-4.7
-3.4
-0.1
1.1
0.8
2.0
0.6
1.1
-2.2
-4.3
-7.5
-9.8
-11.5
-10.7
-10.6
-12.5
-17.0
-16.6
-11.0
-7.6
-12.0
-12.2
-14.0
-13.2
-11.8
-11.3
-10.1
-11.3
-11.5
-7.5
-8.0
-13.4
-13.7
-5.7
-7.6
-1.5
-3.5
-5.5
-7.7
-6.6
-5.5
-1.1
-1.4
0.7
-1.6
-4.2
-4.0
0.4
-1.8
-0.3
0.6
-1.3
-4.5
5.2
-6.5
-6.7
-6.6
-12.1
-11.3
-10.2
-7.6
-3.4
-0.6
-0.7
-1.9
2.0
2.1
0.9
2.5
3.3
6.9
5.6
0.0
3.7
-2.4
-1.9
0.2
0.5
1.9
5.4
4.1
1.3
-0.5
2.5
5.3
7.6
6.5
4.1
6.4
6.9
5.9
2.4
2.7
4.4
6.3
7.9
8.9
8.3
7.9
7.6
16.0
12.3
11.2
10.8
10.6
11.7
14.3
16.7
17.1
17.1
17.6
17.6
17.7
18.4
17.0
13.7
13.6
10.9
11.7
15.2
12.5
16.8
19.0
15.7
14.2
12.9
12.8
16.5
16.9
18.2
20.9
20.3
19.2
18.4
20.7
20.5
19.3
18.4
18.4
16.1
12.9
15.7
18.9
19.1
21.8
23.0
21.7
17.5
18.1
21.0
19.4
17.6
14.2
14.4
16.3
19.0
20.1
21.2
20.7
19.0
17.1
18.1
16.8
20.3
20.9
18.8
16.4
15.9
18.5
18.1
14.2
19.1
22.8
22.2
20.9
22.8
24.1
25.0
28.2
28.6
25.6
25.5
22.6
22.4
22.7
22.9
23.3
25.2
25.4
18.0
20.6
22.0
19.5
21.3
22.7
21.1
21.3
21.5
23.9
25.6
26.4
26.2
25.0
24.6
24.9
25.8
27.5
18.8
20.9
17.7
17.7
19.4
23.6
24.8
24.9
26.4
26.8
27.0
27.8
25.7
21.7
17.1
19.2
23.6
23.7
19.8
20.5
17.4
18.8
23.4
18.8
19.9
22.1
15.5
17.4
20.7
21.9
21.1
22.7
24.8
24.1
20.6
20.2
20.7
21.2
23.0
20.4
20.9
20.9
18.7
19.7
16.5
17.6
16.4
15.9
17.3
16.5
15.4
16.1
17.2
17.4
18.2
19.2
17.5
17.4
18.2
16.7
16.7
11.1
12.5
11.7
9.3
10.2
11.1
11.4
15.7
18.0
14.4
10.1
10.8
11.9
11.3
9.2
8.7
12.0
7.8
10.6
8.6
6.0
7.8
8.7
10.2
7.7
5.4
8.8
9.5
10.3
9.8
7.8
7.0
6.1
3.6
4.7
5.8
6.4
9.7
11.2
13.8
14.6
15.0
15.0
8.8
7.7
10.1
11.4
12.3
9.4
7.7
6.0
15.6
9.4
5.6
9.0
10.3
3.7
1.9
5.1
3.9
5.0
9.3
9.1
9.8
3.3
0.7
-0.4
-0.9
-3.4
-2.5
-2.0
-2.6
-4.4
-2.6
-3.7
-6.3
-4.6
-3.7
-3.0
-5.5
-5.8
-4.5
-9.0
-14.0
-12.6
-1.4
-2.5
-4.9
-6.7
-12.6
-5.7
-0.5
-2.9
-3.5
-1.3
-2.8
-4.1
-2.2
-2.3
0.0
-6.1
-11.5
-10.0
-10.6
-9.7
-11.1
-12.2
-16.1
-17.1
-19.4
-13.3
-10.7
-12.6
-14.0
-12.5
-14.6
-13.9
-15.3
-15.3
-12.3
-11.0
-7.0
-3.3
-1.1
-9.8
-10.8
-8.2
-3.9
-3.0
1.9
-0.1
-3.4
0.3
-3.2
-4.8
-5.9
-3.3
-3.1
0.9
-1.6
-5.2
-10.3
-13.1
-4.3
0.0
1.7
-0.3
-6.6
-7.4
-8.0
-8.6
-6.9
-4.8
0.5
1.1
1.4
-0.7
-1.1
-0.9
-1.8
-1.4
-1.9
-4.5
-2.3
-3.3
-2.0
-1.1
0.3
1.7
0.6
-1.1
-3.6
-5.6
-3.3
-3.1
0.0
3.4
4.5
2.7
1.4
2.0
6.1
9.5
8.6
9.2
11.0
11.6
11.4
13.5
15.4
15.8
6.7
5.8
6.8
6.6
6.4
6.9
8.2
11.3
12.5
12.3
9.8
11.2
11.1
11.6
12.3
15.3
16.9
13.7
13.4
13.1
11.1
7.8
8.7
11.8
14.6
11.4
10.3
11.0
9.4
14.0
12.8
11.1
12.9
13.9
14.8
12.7
16.4
17.0
17.9
21.7
11.6
12.7
13.1
17.2
12.8
13.1
15.2
13.2
15.3
15.7
16.4
17.4
18.4
18.3
20.3
22.1
20.5
22.0
25.0
23.9
20.8
21.4
23.1
23.8
24.2
20.5
19.6
23.3
23.8
24.9
25.0
25.5
25.4
22.8
24.5
25.0
24.1
23.4
20.5
22.2
24.8
22.2
24.9
24.2
24.5
23.4
14.5
15.8
14.7
18.3
21.1
16.7
14.8
15.1
19.3
22.9
23.5
19.5
20.4
22.5
24.0
24.7
24.7
25.4
25.0
24.5
25.7
26.9
27.6
26.6
21.3
18.7
21.2
22.3
24.5
25.5
21.8
20.3
24.3
15.2
14.2
15.9
19.7
21.4
20.4
21.2
21.6
20.0
16.4
19.7
20.1
19.8
18.2
17.8
19.5
22.3
18.2
18.9
18.4
17.6
13.8
16.5
17.4
18.4
18.6
19.5
21.5
20.7
13.7
14.6
14.5
15.3
15.6
17.8
21.3
16.4
14.8
14.5
15.6
18.3
21.2
12.9
12.5
16.6
20.9
20.7
16.7
12.8
14.7
11.0
9.0
11.7
13.4
14.7
15.1
13.9
14.5
15.0
15.1
11.0
8.1
9.4
8.9
8.6
9.2
9.7
11.8
13.3
8.3
14.2
16.5
15.5
14.3
11.2
11.5
7.8
6.4
7.6
10.4
11.1
7.8
9.0
12.5
11.4
8.0
10.5
10.8
7.6
6.2
5.4
4.2
6.0
6.6
6.0
5.9
5.0
3.2
1.9
2.6
5.6
6.8
8.9
8.6
7.8
8.4
8.7
6.9
3.8
2.8
2.3
4.3
3.8
3.1
5.5
10.2
6.7
0.9
1.8
8.5
11.5
5.3
2.2
0.2
0.4
-1.7
-3.3
-3.1
-1.6
-0.8
-0.4
-1.7
-2.3
-1.2
-1.7
-2.6
-0.8
-0.6
1.4
2.9
0.4
-0.6
-1.1
-1.7
-2.9
-0.6
0.3
-0.4
-0.5
2.2
0.1
-1.0
-1.5
0.4
0.9
1.4
0.0
-0.5
-2.1
-4.2
0.2
0.6
-3.8
-7.2
-8.1
-7.4
-1.9
-8.2
-2.9
0.8
-1.7
0.0
-2.6
-3.0
1.3
1.9
0.4
-0.6
-1.9
-2.4
0.0
3.4
4.3
1.0
-1.3
-2.0
-0.3
-8.6
-9.5
-9.2
-7.4
-7.0
-8.2
-6.2
-6.7
-4.6
-0.2
-0.6
-1.3
-2.7
-1.7
-3.2
-3.8
-3.3
-6.4
-5.6
-5.8
-2.3
-4.8
-3.6
-4.7
-3.1
1.4
4.8
0.2
2.2
1.6
1.6
-1.1
-1.4
-1.2
-1.1
0.5
1.8
4.9
6.7
8.1
7.3
5.3
7.1
7.2
6.4
5.7
4.1
6.1
8.8
9.3
6.5
7.6
8.2
9.9
5.4
2.2
5.7
8.9
9.6
8.7
8.5
11.0
13.0
11.4
5.1
6.2
6.9
6.5
9.0
8.1
9.8
12.4
11.5
11.4
11.2
8.8
7.8
8.7
9.5
10.8
11.1
11.1
10.2
10.2
10.6
9.7
8.5
7.0
8.3
9.8
9.5
11.9
13.9
15.9
13.1
8.9
13.5
12.4
14.6
15.8
14.4
18.7
22.9
25.0
9.7
11.7
11.7
15.9
17.1
18.2
16.4
18.0
17.3
16.5
12.7
14.0
19.0
17.8
16.9
17.7
17.9
16.4
13.4
16.5
16.5
14.7
13.9
15.9
17.4
14.8
15.4
18.8
19.9
16.4
18.8
19.1
21.4
22.4
24.4
24.7
24.9
25.7
25.8
17.5
17.2
19.9
22.3
19.5
19.6
17.9
14.2
16.5
18.1
21.9
17.6
13.8
15.3
18.1
20.4
22.7
22.5
24.1
23.0
19.5
20.8
21.1
21.0
21.7
21.7
23.0
24.0
21.5
17.3
18.9
20.6
19.9
17.0
18.6
12.7
15.4
18.8
18.9
21.9
23.6
24.2
22.7
19.5
13.7
13.2
14.5
15.0
15.7
16.3
15.6
17.6
18.2
18.2
20.1
19.8
21.1
22.0
17.7
12.4
12.4
12.8
13.5
13.9
15.4
17.1
19.8
20.4
17.3
16.4
16.9
16.7
17.5
17.6
19.3
20.7
15.1
14.2
13.4
12.4
12.6
12.6
16.1
15.3
14.3
14.3
12.8
13.3
14.9
14.9
17.8
18.9
20.8
15.2
13.7
15.5
16.5
17.5
17.1
14.9
12.4
10.0
11.5
11.2
7.1
7.5
6.4
4.3
5.5
5.8
8.5
9.4
4.6
5.7
5.9
3.6
1.9
3.6
8.5
7.6
3.7
5.0
5.2
8.8
7.9
8.3
9.8
12.6
10.9
7.1
5.3
4.5
2.8
-0.5
0.3
1.3
5.2
4.2
1.2
-1.7
-4.4
-4.1
-7.4
-3.5
0.5
1.2
4.9
3.9
-1.5
-2.7
-4.8
-2.8
3.6
4.1
1.3
5.2
2.7
-1.8
-1.9
0.2
-0.9
5.1
5.6
3.2
0.4
6.7
4.4
2.0
0.8
-1.0
-4.5
-4.6
-4.5
0.0
1.2
1.3
3.9
2.9
0.9
0.6
1.0
1.6
1.6
5.4
0.8
-1.3
0.3
-1.1
-0.6
3.2
2.2
-3.3
-6.6
-5.2
-6.9
-7.7
-10.3
-8.3
-5.2
-4.2
-5.6
-6.8
-7.5
-4.0
-4.6
-6.4
-7.1
-7.2
-5.6
-1.6
-0.5
-0.4
-3.5
-3.7
-3.0
-7.1
-6.2
-4.4
-3.0
-3.0
-1.5
-1.6
-1.7
1.4
1.6
1.2
5.2
-0.8
1.6
3.4
3.9
4.4
3.9
2.3
5.0
6.9
6.2
9.2
11.2
10.3
8.5
7.9
6.3
7.2
7.2
6.6
8.9
7.4
5.2
5.3
5.2
5.8
5.2
7.2
8.4
6.2
3.2
5.0
3.2
2.0
0.4
0.6
1.9
3.9
3.6
0.2
4.4
5.4
6.9
8.4
7.2
3.4
3.0
7.6
6.0
4.8
4.5
4.9
5.0
4.1
4.4
7.6
9.8
11.4
12.7
14.1
13.5
12.9
11.3
10.4
14.6
14.9
12.5
11.4
12.0
13.3
16.4
16.1
8.7
10.8
13.2
16.4
18.0
18.2
19.2
18.0
16.8
16.1
18.0
17.8
19.6
21.0
21.3
20.8
18.9
16.6
14.7
13.2
14.4
15.6
18.7
19.0
18.6
16.7
18.6
18.1
17.0
14.8
16.4
18.1
14.4
14.1
12.8
12.7
12.1
7.0
8.0
10.0
13.2
14.3
14.7
14.7
16.6
18.1
17.3
19.6
20.4
19.9
20.8
20.5
20.2
20.3
20.8
22.4
23.2
21.5
18.7
18.3
17.2
18.0
19.9
21.8
20.0
15.3
16.0
14.9
15.2
14.4
16.9
18.8
20.0
22.6
24.0
23.4
19.9
14.6
15.6
18.4
19.0
20.8
20.1
22.8
21.8
19.1
19.6
23.2
24.0
24.0
20.5
20.5
18.8
20.3
20.8
19.1
18.9
18.6
17.9
18.7
19.6
20.0
19.9
18.3
22.0
21.0
17.0
16.4
17.5
16.7
17.0
18.0
20.9
21.9
22.5
22.4
20.9
19.9
21.4
23.1
21.9
20.6
20.8
19.6
18.2
14.9
16.3
14.4
16.9
14.9
13.4
15.2
14.7
15.4
16.9
17.8
17.0
15.2
15.7
17.1
14.8
14.6
15.4
18.1
19.5
17.3
15.3
15.8
15.4
13.3
12.2
10.5
11.7
12.3
12.7
12.8
10.2
12.2
13.6
12.8
12.5
14.6
15.0
16.4
18.1
17.4
17.2
17.3
16.2
14.7
13.5
13.7
15.0
15.1
15.8
15.5
14.4
14.4
13.4
12.6
14.5
15.6
13.5
12.8
10.1
11.8
14.9
16.0
14.9
11.6
8.7
3.1
1.4
3.0
4.5
6.5
8.3
12.3
14.0
12.8
11.0
5.4
4.7
5.6
4.5
3.8
2.9
0.5
0.8
1.3
7.6
7.6
6.2
6.1
4.3
4.1
7.5
4.0
-0.2
-1.0
-0.9
-3.3
-1.6
-0.4
5.1
8.4
4.9
0.8
0.2
2.0
0.8
1.1
1.3
1.5
-1.2
3.5
1.3
0.8
0.5
-0.5
-0.4
0.3
-0.3
2.0
-2.6
-3.6
-3.9
-3.3
-6.3
-5.3
-1.3
-1.1
-3.6
0.2
0.2
0.7
-0.1
-3.7
-2.4
-4.2
-3.0
-4.0
-6.1
-9.2
-10.2
-8.2
-9.0
0.4
-1.0
-7.7
-8.2
-10.1
-14.1
-13.4
-5.7
-2.8
-0.5
-1.2
-0.4
-2.6
1.3
-4.7
-3.5
-1.9
-8.4
-5.2
-1.8
0.0
0.6
-0.1
-0.8
-1.9
-1.2
-3.4
-3.1
-5.7
-6.1
-7.6
-7.3
-4.3
-7.2
-8.4
-5.3
-0.4
1.4
0.8
2.8
1.2
2.8
1.0
0.6
2.6
3.8
6.4
4.6
5.4
5.8
5.7
3.6
4.6
5.4
8.9
11.1
11.4
9.6
4.4
5.1
4.6
4.3
2.7
1.8
3.7
3.0
3.6
6.5
6.9
5.1
3.6
6.8
7.8
10.9
8.0
7.0
6.0
6.8
6.7
5.5
6.3
6.4
6.9
8.2
8.8
14.0
17.0
16.4
15.2
16.6
15.1
13.3
13.1
13.3
13.7
6.1
8.0
12.7
10.5
3.8
3.7
2.6
6.4
9.4
11.9
12.5
14.0
15.5
16.1
17.0
12.6
9.5
11.8
15.0
18.0
17.0
16.4
16.6
17.4
18.7
19.7
20.6
20.7
19.5
20.0
14.1
12.9
14.4
14.8
14.3
16.0
14.7
14.1
15.1
15.1
16.6
15.8
14.3
14.4
15.3
17.4
19.1
19.7
17.9
19.4
22.8
17.9
16.4
11.2
13.7
15.5
11.0
13.0
14.8
17.5
19.1
18.7
19.5
20.2
17.4
19.1
22.7
25.2
26.5
26.7
26.0
22.8
23.5
23.3
23.0
25.0
22.3
18.0
18.0
18.1
20.7
21.5
21.7
21.6
22.1
23.6
25.4
26.3
22.8
21.2
19.1
21.8
22.7
24.2
24.5
26.7
24.9
20.3
20.0
20.9
21.9
22.9
23.7
24.4
24.1
24.6
24.0
23.9
26.1
18.7
17.2
18.5
20.6
22.2
22.4
19.4
19.6
19.8
20.1
21.9
24.1
21.0
18.8
19.4
17.3
17.0
16.5
18.7
19.3
19.7
18.6
18.9
17.8
18.2
19.0
20.2
20.1
20.7
21.4
20.5
21.5
21.3
21.1
19.0
19.6
16.6
15.8
15.2
15.8
16.3
17.3
16.8
17.6
16.0
16.7
17.2
20.8
16.9
13.2
15.2
17.2
18.8
16.8
14.0
12.8
13.3
14.2
15.1
16.8
15.9
11.7
10.5
11.1
12.9
10.8
12.7
14.6
13.5
13.9
14.6
14.1
17.1
14.0
5.4
3.4
4.8
7.7
7.3
7.4
7.6
8.8
11.2
7.8
9.6
11.5
9.4
7.0
5.6
10.5
10.0
10.6
9.4
12.2
8.4
9.5
10.5
5.3
4.3
6.3
3.8
5.7
10.2
8.4
2.6
4.0
1.7
-1.6
0.6
0.2
1.5
-2.7
-4.1
-4.0
1.7
0.6
2.4
3.1
1.3
-0.9
1.7
2.5
4.5
3.0
0.0
-2.2
-2.5
-3.9
-3.2
-4.7
-4.0
-4.1
-4.7
-5.0
-3.7
-4.2
-3.9
-9.0
-7.0
-1.7
5.7
5.4
5.6
3.6
-2.2
-1.6
0.4
-0.6
-0.7
-0.2
-1.9
-2.2
-4.9
-2.8
-5.0
-8.6
-9.8
-12.7
-12.4
-10.2
-11.4
-10.2
-6.5
0.8
0.6
0.1
2.7
1.1
-1.5
-1.7
-1.3
-1.1
-1.7
-3.6
-4.1
-5.8
-2.0
-2.2
-0.4
1.3
1.7
-0.4
0.6
0.9
-0.7
2.5
2.2
3.6
3.5
1.8
-0.1
1.1
1.7
2.0
2.5
-0.2
-1.6
-1.0
0.6
1.6
3.1
8.4
9.9
6.2
-1.6
-1.1
1.2
0.5
-0.9
-1.9
-1.5
0.0
0.1
2.5
1.6
2.6
3.0
-0.8
-4.8
-0.3
3.2
5.0
6.7
6.5
7.5
6.8
6.2
9.9
11.2
8.7
7.0
8.2
7.8
8.0
10.0
11.3
12.2
14.8
13.3
12.1
14.0
9.6
13.1
19.9
15.4
11.0
1.3
4.0
3.4
4.9
6.1
8.6
8.7
10.2
11.8
12.3
14.0
14.5
15.5
17.5
18.5
19.7
20.1
19.0
17.1
15.4
15.5
17.4
13.5
15.8
16.0
17.5
22.6
25.2
22.3
17.5
14.2
16.7
19.4
23.6
21.4
13.0
14.3
15.7
17.2
10.8
12.5
13.4
14.8
17.1
16.7
14.2
11.8
15.4
17.9
20.4
19.9
18.4
14.8
15.5
18.3
20.3
21.8
21.5
21.4
21.4
21.9
22.5
17.4
13.1
15.6
17.8
20.6
22.0
24.6
25.6
26.0
24.4
21.8
20.4
16.5
17.8
19.6
19.8
20.7
23.3
25.8
24.5
18.9
19.2
20.3
20.1
22.3
23.8
26.1
26.7
26.1
25.8
23.8
25.2
20.3
18.2
20.5
24.0
19.5
18.9
16.3
15.6
16.8
15.2
16.2
18.0
18.3
16.6
17.2
15.5
15.5
16.6
18.8
18.0
18.6
19.9
20.3
22.1
20.8
19.2
20.5
18.8
19.5
19.3
18.9
18.5
17.8
19.3
18.0
18.4
22.1
17.8
13.9
15.6
15.6
16.0
16.9
16.5
18.4
19.1
18.8
19.8
20.6
21.9
20.0
18.7
19.1
19.5
20.5
20.4
19.9
19.0
19.1
18.1
17.1
15.0
16.7
16.7
17.0
19.0
23.1
19.4
16.4
13.6
14.0
15.2
14.9
14.4
11.7
11.5
10.9
11.0
9.6
9.1
12.6
11.8
9.4
9.4
10.1
11.2
11.3
13.4
14.2
16.9
14.6
13.0
13.4
14.9
15.6
14.5
12.8
10.5
9.6
8.4
6.2
2.8
4.3
5.1
4.4
5.2
6.6
5.4
7.3
10.7
10.6
8.4
8.9
8.8
9.8
12.0
11.2
8.7
10.6
10.9
10.6
8.9
8.1
3.8
3.9
1.2
0.5
5.1
9.5
9.2
9.6
8.4
6.7
4.9
2.7
4.2
5.7
3.9
1.0
-2.3
-2.2
-2.0
0.6
0.9
-3.5
-2.8
-1.9
-2.5
-2.7
-2.9
-1.4
-6.1
-7.1
-7.5
-6.6
-5.9
-4.7
-4.6
-3.3
2.0
5.3
2.6
1.8
0.8
0.3
0.9
0.2
-0.9
-2.5
-5.3
-5.7
-6.5
-5.8
-8.4
-7.6
-6.5
-3.5
-7.5
-5.5
-10.9
-12.0
-12.3
-11.7
-14.3
-13.6
-11.1
-2.9
-1.2
2.0
2.3
1.3
1.7
0.8
-3.8
-3.8
-2.5
-1.9
-3.0
-5.3
-11.0
-11.1
-5.0
-2.1
0.3
2.6
2.5
3.5
0.9
0.8
-0.4
0.1
-2.0
-4.1
-8.7
-10.5
-10.6
-7.3
-2.3
2.1
3.7
0.5
-0.4
0.4
2.5
2.5
2.3
2.1
3.4
3.5
3.6
2.2
0.8
0.9
-0.5
-0.5
-1.6
-1.9
-0.8
0.8
-0.2
2.9
2.8
2.8
5.9
9.6
11.7
6.9
1.0
1.6
-0.2
0.8
1.8
0.7
1.5
2.4
4.3
5.3
5.9
2.5
2.2
3.3
2.1
3.6
8.4
7.7
6.0
6.7
8.8
9.8
9.3
8.4
5.7
6.7
10.7
14.1
10.0
5.8
5.6
4.2
2.7
4.6
3.9
1.9
3.8
9.8
12.6
10.2
11.6
14.5
16.7
17.8
18.7
18.7
20.0
18.7
17.8
19.6
22.1
21.2
20.2
16.1
15.8
14.3
16.6
18.1
19.3
21.7
25.0
24.8
19.6
16.7
17.6
10.6
12.6
13.7
12.8
13.3
13.0
16.5
17.8
17.3
20.8
23.1
21.8
20.0
14.2
14.8
15.2
16.3
18.6
17.3
15.8
16.0
14.5
14.7
17.5
19.1
18.4
17.8
19.1
20.6
21.6
22.0
19.0
15.4
17.7
20.9
21.5
23.8
16.9
16.6
17.4
17.3
14.5
16.0
19.6
21.0
22.2
22.9
21.6
21.3
21.1
15.5
16.5
17.2
17.7
17.9
18.0
17.2
19.0
22.3
21.7
19.5
20.3
18.9
19.4
20.4
21.6
22.1
23.3
24.3
23.3
21.4
22.2
22.3
21.7
22.2
22.9
18.9
18.0
19.9
20.6
20.6
19.1
15.4
15.9
17.3
22.2
23.1
19.6
19.4
18.9
19.1
18.5
19.1
19.6
17.4
16.2
19.6
20.1
17.9
15.4
14.6
15.2
16.3
18.8
18.8
18.4
18.7
17.5
16.9
16.7
17.6
16.0
15.9
16.2
16.8
17.1
17.9
17.0
17.1
18.4
18.8
13.3
9.2
10.9
13.0
17.2
14.9
13.0
12.7
13.3
16.1
12.1
8.0
11.1
13.4
10.2
7.9
11.4
11.0
9.3
8.3
8.5
8.6
8.4
8.4
11.7
11.7
10.6
11.3
10.7
11.7
9.4
11.2
8.7
7.5
7.2
9.9
7.0
9.3
9.6
10.0
8.2
7.8
7.6
6.9
9.7
9.8
10.4
11.0
6.6
1.2
-0.1
1.4
8.0
10.0
7.9
12.5
12.6
15.4
12.6
7.4
5.5
6.2
3.4
7.1
8.2
9.8
11.1
12.0
8.3
10.0
3.1
-0.6
1.3
1.9
0.9
-1.9
-3.0
-3.7
-1.1
0.1
-0.7
-1.2
1.3
3.3
0.2
-1.0
-0.6
-1.8
-1.5
0.4
-0.1
-4.5
-3.8
-6.2
-8.7
-8.8
-4.8
-2.9
-2.4
-3.3
-5.7
-4.9
-1.7
-2.9
-4.0
-0.2
-2.2
-5.1
-0.1
2.4
2.2
1.1
-2.9
-9.7
-7.1
0.2
0.9
2.4
2.1
1.7
3.2
1.7
-4.9
-6.1
-4.0
-3.9
-4.9
-2.6
-2.8
-3.1
-1.4
0.4
1.4
-1.6
-6.0
-5.3
-5.4
-3.2
-3.2
0.7
2.8
4.5
0.6
0.7
3.1
3.5
1.4
-0.5
-0.3
-0.2
2.6
-5.0
-4.4
-4.9
-2.3
-3.7
-1.4
-0.8
-0.4
-2.2
-2.5
-2.5
-1.9
-1.5
-2.6
-4.7
-0.5
2.9
5.9
3.0
0.9
0.8
2.2
4.6
4.6
3.3
1.7
4.0
2.9
2.9
2.0
3.5
5.0
4.0
3.2
4.5
8.8
9.7
11.1
11.1
7.6
3.8
3.1
4.5
9.0
10.4
7.2
7.2
3.0
4.6
7.4
8.2
9.8
11.4
8.9
9.8
7.8
9.1
7.5
4.8
7.6
10.1
13.3
14.6
16.8
11.2
12.1
15.8
18.4
17.4
18.7
12.5
13.0
8.6
7.8
8.3
8.5
9.9
11.3
13.2
13.6
15.7
18.2
18.3
13.6
17.3
13.9
14.0
14.9
15.8
15.5
14.5
14.1
15.7
15.0
15.9
15.3
9.3
10.6
12.3
14.5
15.6
13.3
15.2
16.8
16.0
15.2
13.6
14.0
13.6
13.7
15.3
16.7
18.5
21.8
19.2
18.8
18.9
19.2
17.7
18.2
19.7
17.8
18.8
20.2
20.2
22.6
23.0
21.5
20.5
20.4
19.7
20.8
21.6
21.5
21.0
20.7
20.3
17.6
18.4
16.4
18.3
21.5
23.4
22.8
22.2
23.5
22.6
22.7
24.6
22.5
13.5
14.7
13.9
13.7
19.8
21.3
23.3
23.7
23.4
23.5
16.9
17.6
19.6
20.0
21.7
23.7
24.0
22.3
21.1
22.6
23.8
22.7
20.8
23.1
22.6
22.4
18.9
17.6
17.7
18.6
20.4
20.7
21.4
18.1
18.4
17.8
19.0
17.4
17.2
16.9
18.0
17.1
17.6
16.9
17.8
19.5
18.8
20.2
17.1
16.7
16.8
15.8
15.3
12.9
13.2
15.9
18.9
22.3
21.2
18.3
17.2
17.6
20.4
15.1
15.3
13.8
13.3
13.0
13.1
10.4
9.2
8.8
9.0
8.4
7.7
5.3
6.4
9.2
10.0
10.7
8.0
9.8
12.3
13.4
13.7
13.1
12.7
12.5
13.9
11.5
8.8
4.5
2.8
1.9
2.3
5.6
10.1
9.0
6.2
5.8
5.8
5.1
8.8
7.2
5.6
8.2
4.8
10.8
11.9
12.7
12.0
12.8
8.3
7.8
2.8
1.8
4.6
6.0
3.1
7.1
6.2
8.3
9.8
7.9
4.6
2.2
8.5
11.6
9.1
9.7
7.7
6.3
1.0
1.8
3.2
4.4
3.5
4.7
4.6
6.0
4.3
3.7
0.6
0.3
-0.4
0.7
2.2
3.4
2.0
0.2
1.0
0.6
-0.7
0.3
1.2
-0.7
-0.5
0.3
-0.6
-0.7
-1.4
-1.5
-4.7
-0.4
-6.8
0.0
2.0
3.0
1.8
-2.9
-4.6
-3.5
-8.1
-7.0
-2.1
-3.9
-8.0
-7.5
-3.7
-4.3
-9.1
-3.6
-7.3
-10.0
-5.9
-2.4
0.5
-0.4
1.2
1.5
3.1
3.1
2.8
0.1
1.5
4.8
3.6
2.5
0.8
6.2
4.8
1.1
-1.4
-1.5
0.1
1.5
1.0
2.1
0.4
0.2
0.6
0.4
1.3
3.6
2.4
4.3
7.2
5.0
3.9
4.6
3.6
2.6
1.0
3.6
1.3
-2.7
-6.2
-5.4
-4.7
-4.7
-5.7
-6.8
-6.9
-3.5
-1.1
-2.2
-3.6
-0.1
-1.5
-3.1
-3.6
1.1
3.5
4.3
6.0
7.5
9.3
13.0
13.0
10.8
4.8
3.3
5.0
5.5
6.3
5.8
5.7
7.2
11.4
11.2
9.8
12.4
14.0
12.2
12.0
13.1
12.8
12.5
13.4
11.0
9.5
7.8
5.8
5.7
9.7
11.7
9.9
9.5
10.6
12.7
13.9
15.1
13.8
10.7
10.3
12.3
10.5
8.4
11.4
8.8
10.9
10.4
12.1
12.9
14.2
11.4
13.2
16.1
18.4
19.0
19.9
19.8
19.8
21.1
21.0
22.1
18.7
20.8
20.5
22.5
21.6
19.3
20.1
21.0
20.2
20.4
18.9
18.5
19.3
17.5
19.1
20.5
20.6
19.0
20.3
20.6
19.6
20.9
18.8
20.8
20.5
17.0
16.6
17.0
21.1
18.8
16.1
16.3
14.5
14.8
15.1
17.8
18.1
16.2
15.8
20.5
20.9
18.6
15.7
14.6
15.2
15.0
15.4
18.3
19.1
20.8
20.8
20.9
21.1
21.2
22.1
23.1
21.0
19.5
19.0
20.5
22.6
21.2
15.8
17.3
18.1
16.6
18.6
18.8
20.4
21.5
22.1
25.2
25.7
23.6
24.1
25.2
24.7
25.0
22.8
22.5
23.7
26.0
24.5
20.4
19.4
21.1
23.7
20.4
21.1
24.0
23.1
20.0
19.5
21.3
22.0
21.9
21.9
20.8
17.1
16.3
15.7
18.8
18.3
18.4
18.9
20.4
16.7
17.2
17.0
16.3
17.3
13.5
12.4
10.9
10.3
12.9
15.2
15.0
13.1
13.6
11.8
10.9
10.0
9.3
8.8
12.9
14.0
13.5
13.2
13.7
14.1
14.9
13.3
14.1
13.0
15.0
15.1
15.0
15.5
15.3
7.7
5.2
8.1
9.0
11.2
10.3
9.5
8.3
10.4
12.6
8.4
3.6
3.5
6.0
6.8
7.0
6.5
7.6
13.0
8.5
7.1
7.6
5.0
1.1
0.6
1.5
-0.6
3.4
5.3
5.1
6.3
6.0
4.6
5.6
5.9
12.2
11.7
8.8
6.6
4.3
4.2
4.6
4.0
5.8
4.0
8.1
-2.4
-3.0
-4.6
-1.4
-1.3
-3.5
-2.0
-3.4
-2.4
0.1
1.1
2.0
2.7
3.6
2.6
1.9
4.2
3.8
1.5
-2.4
-4.9
-1.5
2.5
1.0
0.5
-0.7
0.3
0.7
1.2
0.9
1.0
0.9
3.7
3.8
3.3
1.7
2.9
2.2
0.5
1.2
0.7
0.0
-0.5
-0.8
-1.0
-1.9
-0.5
0.7
0.0
1.2
2.9
2.8
0.2
-3.8
-6.3
-8.6
-9.5
-10.8
-9.3
-3.2
-1.4
-0.9
-2.7
-4.8
-7.7
-6.6
-6.5
-5.2
-5.5
1.3
2.6
2.2
4.8
2.5
-1.5
-2.1
-3.6
-2.7
-2.6
-1.2
1.7
2.8
1.8
3.1
5.9
5.0
3.5
3.5
2.5
0.8
1.0
1.8
2.6
2.3
5.2
6.6
5.8
3.4
6.2
7.2
6.6
6.3
5.4
3.8
5.2
5.8
6.3
7.6
9.9
10.3
10.3
1.9
-1.1
-1.0
1.8
4.9
8.9
10.4
9.3
7.6
8.3
8.6
9.3
11.1
5.7
4.0
7.5
10.6
9.9
7.6
9.3
12.2
11.6
6.6
8.2
11.8
13.5
12.0
13.4
15.4
13.5
10.9
13.5
16.6
17.1
16.4
16.0
16.6
15.6
11.4
10.2
12.0
14.7
15.1
13.4
10.4
7.1
7.0
7.2
7.8
8.1
10.8
14.4
14.6
10.4
14.2
13.3
15.9
16.9
16.1
15.7
15.6
13.4
11.4
12.4
16.0
18.9
21.1
16.7
16.7
18.5
15.8
16.9
14.8
16.2
18.9
19.9
20.4
16.9
14.4
15.2
18.0
18.8
15.2
15.9
17.0
19.7
22.1
22.0
22.5
22.6
20.6
20.6
23.2
24.9
22.2
21.9
22.7
22.0
18.5
16.8
19.7
20.4
18.8
21.3
23.2
15.3
13.1
13.4
12.6
15.4
19.2
21.9
18.3
15.9
17.4
16.4
18.0
19.8
20.1
21.2
22.3
22.5
21.4
18.4
19.0
23.5
26.2
26.3
25.5
24.2
24.5
24.5
24.1
23.9
25.0
24.1
25.4
23.7
21.7
23.2
24.3
23.0
19.6
20.0
20.9
18.7
16.5
17.1
16.4
19.3
21.4
22.5
23.8
24.8
22.1
20.7
22.6
24.8
25.8
25.0
19.2
17.4
15.8
15.7
15.5
15.9
16.9
17.0
15.9
15.5
17.1
16.2
16.0
13.4
13.4
15.0
16.5
17.0
18.2
18.0
18.2
15.7
18.8
18.6
16.2
10.8
11.2
11.9
11.7
12.7
13.4
12.6
13.4
14.7
12.8
12.5
11.4
8.8
6.5
8.0
8.5
7.3
8.0
6.3
3.5
7.0
6.3
7.2
9.1
10.2
10.9
8.9
11.7
13.2
11.1
11.6
10.8
7.5
7.2
9.0
8.0
5.7
3.5
3.1
3.2
3.4
1.7
8.9
8.9
8.3
6.6
8.0
9.8
9.7
7.6
8.4
5.6
7.0
6.5
6.7
7.6
6.3
9.0
7.6
4.4
7.7
6.2
3.4
6.0
4.8
3.3
3.8
9.2
2.1
1.7
3.9
4.3
4.7
4.3
2.0
-1.0
0.7
0.0
-0.7
0.2
4.1
6.2
8.1
6.8
6.4
7.1
4.9
2.9
4.5
4.2
0.3
3.1
3.4
3.3
1.1
0.0
-0.8
-0.2
2.5
-1.6
-4.6
-4.7
-7.1
-7.5
-6.4
-6.7
-5.1
-6.6
-7.4
-4.3
-4.2
-3.7
-3.1
-0.9
0.2
2.0
-2.9
-1.9
-1.3
-0.9
-0.7
-0.4
-0.1
-1.3
-6.1
-8.2
-3.9
-4.4
0.3
1.3
2.2
2.4
2.9
0.8
1.5
-0.3
-3.7
-3.6
-4.5
-3.1
-0.4
0.0
0.0
-0.7
1.9
-0.6
-0.2
0.1
2.1
4.1
5.5
6.0
3.6
0.4
0.2
2.7
3.5
5.3
2.6
2.1
1.7
0.8
2.4
3.5
3.2
2.0
-0.7
-2.9
0.2
-0.5
-0.6
2.4
1.9
1.6
0.5
1.5
1.3
2.1
1.7
1.5
0.9
1.9
3.0
2.3
2.7
3.8
3.3
4.9
4.1
4.0
4.6
7.4
8.0
8.4
9.0
10.0
10.8
11.2
10.2
11.0
9.2
12.1
11.6
11.1
4.7
8.2
10.2
11.8
9.6
13.6
18.7
9.3
7.1
5.9
5.1
5.1
9.2
9.2
8.0
8.2
9.7
8.9
6.6
10.1
11.6
13.2
10.5
9.5
12.2
14.2
15.3
16.6
19.9
21.3
18.9
20.3
25.0
21.4
17.7
15.2
11.0
9.7
11.2
11.1
14.6
14.7
10.7
10.1
11.7
13.2
17.3
19.4
21.1
19.5
16.9
15.2
13.5
13.6
16.1
17.0
16.9
18.1
19.6
21.5
20.6
17.6
19.5
18.6
18.8
18.1
18.0
19.0
18.9
17.8
18.9
21.1
14.5
13.4
13.6
13.6
14.5
14.4
15.4
17.8
19.0
18.2
18.9
21.2
22.0
23.1
24.9
20.0
20.0
21.2
22.5
20.0
21.1
21.0
20.7
20.9
21.4
19.9
19.7
18.4
19.0
19.7
20.7
23.8
25.8
25.2
21.0
20.5
23.1
21.0
18.3
18.0
16.8
16.8
15.4
14.6
16.0
17.0
18.9
19.6
20.1
20.9
20.8
21.6
23.3
24.4
19.8
17.8
16.8
18.2
20.0
19.0
18.8
18.4
19.4
20.4
21.8
22.0
23.6
20.8
18.1
15.4
16.1
17.0
17.8
17.3
18.7
18.1
19.1
19.7
16.7
18.9
19.8
20.3
21.2
22.2
22.3
20.8
21.9
20.2
13.9
13.1
10.8
10.3
11.3
13.9
13.8
15.3
15.4
15.2
17.3
19.7
16.7
17.1
19.6
14.8
15.3
13.4
14.7
12.9
14.2
16.6
14.4
14.0
12.8
11.7
12.1
13.1
13.7
10.5
12.2
8.4
4.0
9.4
12.9
14.9
14.2
11.1
6.1
6.5
7.5
7.2
4.2
3.3
0.5
0.4
2.4
3.8
3.7
2.8
3.3
-0.4
-1.7
-2.1
-1.9
-0.4
9.7
4.4
3.0
3.0
4.0
3.3
0.3
2.8
5.9
2.4
4.6
4.1
1.5
2.2
4.4
0.7
-1.8
0.4
3.2
7.8
2.4
-1.9
-2.5
-4.9
-6.7
-10.7
-11.6
-15.3
-9.0
-5.2
-3.8
1.8
-0.1
0.9
-5.9
-8.7
-7.7
-5.0
0.2
-2.3
-1.9
0.4
0.5
-3.3
0.8
1.8
5.6
4.7
2.4
0.6
2.4
3.3
2.3
1.1
1.0
0.5
1.7
-0.1
0.5
2.5
2.8
1.0
-1.6
-2.6
-3.7
-4.1
-3.5
-1.6
-5.0
-11.9
-11.4
-7.3
-3.4
-1.5
-2.8
1.6
2.1
1.0
0.1
0.6
0.9
1.1
1.4
1.7
1.4
-1.3
-0.4
1.4
2.4
3.7
2.1
4.2
5.9
4.8
1.7
1.9
5.9
3.9
8.5
7.6
6.5
8.6
8.5
7.6
4.4
6.7
5.2
3.2
0.8
2.2
4.0
1.7
1.7
1.8
0.5
1.0
0.8
1.4
2.5
6.2
5.5
5.1
2.7
3.5
3.9
4.0
5.2
4.1
4.9
7.4
7.4
9.6
11.3
13.7
13.4
15.6
15.2
15.6
11.9
11.8
10.8
10.7
9.8
8.9
10.2
11.5
10.8
9.4
7.7
8.1
8.6
9.3
10.0
7.9
9.2
12.7
13.7
13.7
7.6
6.8
4.3
5.2
6.5
7.0
8.2
8.8
8.1
8.0
9.6
11.5
12.6
10.6
10.6
11.2
13.8
17.5
13.1
11.6
13.1
14.1
13.1
11.3
9.9
8.3
9.7
11.2
13.7
14.3
16.0
16.7
12.7
12.2
14.3
16.2
17.0
17.4
15.3
12.5
12.5
12.0
12.3
14.3
16.0
16.6
18.0
18.3
20.8
19.6
14.8
17.2
17.9
16.9
19.0
14.7
14.2
16.3
15.4
13.2
10.8
10.1
11.1
12.6
15.5
17.2
17.3
17.1
17.0
16.4
17.7
19.1
17.2
17.6
19.9
21.9
20.3
20.6
16.5
18.4
18.3
18.4
18.8
18.1
21.3
15.7
13.6
15.9
16.6
17.1
17.8
20.7
25.7
22.9
21.4
23.7
23.3
17.1
16.3
16.0
14.5
18.6
20.3
19.3
17.1
17.3
20.8
22.2
23.6
23.5
23.8
23.1
22.6
25.0
26.3
19.1
17.5
19.3
18.1
18.9
16.9
14.6
18.9
19.0
21.9
24.1
25.0
26.0
25.0
24.0
22.3
21.4
21.2
20.1
20.2
20.5
21.1
21.0
20.8
18.4
18.6
18.4
20.2
20.5
21.8
17.4
17.7
17.9
18.3
19.1
19.9
16.5
16.4
17.3
18.5
17.9
14.5
14.1
14.9
15.0
15.2
14.8
17.0
15.7
15.2
15.1
11.9
12.0
10.3
12.4
16.5
10.3
8.3
8.6
9.3
8.8
8.4
8.6
12.1
9.5
9.7
9.0
10.2
11.2
8.7
7.8
7.3
6.8
6.9
6.5
9.1
10.9
7.0
7.1
7.7
7.6
8.2
5.4
5.2
4.5
3.9
3.7
4.1
4.5
4.7
4.8
3.1
6.0
4.7
3.5
1.7
0.4
3.7
4.1
3.4
5.5
6.6
9.3
7.6
6.6
7.8
5.7
3.3
4.8
2.7
2.4
3.1
3.2
1.9
2.1
2.9
2.2
1.5
1.9
4.4
3.5
3.7
1.7
0.1
0.2
-1.6
-1.2
0.5
1.1
0.6
1.3
1.7
1.6
-0.2
1.4
1.2
0.8
2.7
1.9
1.0
1.3
0.4
0.7
3.4
5.0
9.4
5.5
-0.1
-3.8
-0.7
0.6
-1.9
1.5
4.8
5.3
1.3
-1.3
-1.2
1.2
-0.7
2.0
0.4
-2.5
-0.2
2.0
3.7
2.5
0.6
-1.6
-0.3
1.1
3.3
1.3
2.5
1.7
-0.2
0.7
1.4
1.0
-2.3
-0.9
0.3
-1.8
-3.4
-1.9
-1.9
-2.1
-2.7
-3.6
-1.4
1.9
3.5
0.9
1.0
-1.9
-3.9
-2.3
0.7
0.8
1.7
0.8
1.7
1.9
-0.4
0.2
0.5
-1.3
-0.8
1.7
3.8
7.5
10.0
8.4
6.4
8.7
11.2
12.4
12.1
10.4
8.9
10.2
9.5
8.1
6.6
6.4
7.6
10.1
3.1
2.7
3.7
4.6
5.0
3.4
6.8
9.6
8.3
8.8
12.6
6.2
7.2
7.3
11.0
15.1
18.7
19.4
13.1
10.7
10.5
6.2
5.8
7.2
6.3
12.0
13.7
9.5
8.6
9.1
9.0
10.9
12.1
11.1
13.1
9.2
7.5
9.8
10.5
13.1
14.2
12.5
12.3
13.3
12.4
14.5
16.5
18.0
19.4
17.4
14.2
14.5
17.2
18.0
20.7
21.3
20.8
20.1
21.2
20.9
18.2
18.6
19.7
17.4
14.5
14.6
18.2
17.3
17.6
18.2
19.5
17.8
17.7
12.3
15.6
15.1
14.4
13.0
14.0
15.2
13.4
17.7
19.5
20.6
21.7
21.1
22.7
23.0
19.7
18.8
20.7
22.2
22.2
23.1
24.7
24.7
22.5
20.9
20.8
23.1
17.8
16.1
16.4
21.2
22.1
21.8
21.9
22.7
19.7
21.1
21.5
22.7
22.9
21.6
21.7
23.2
25.1
22.5
22.0
22.4
18.3
19.2
19.3
20.0
21.4
23.3
20.5
15.6
16.6
18.3
21.3
21.9
19.8
21.0
20.1
19.6
19.3
19.8
20.6
21.2
22.0
22.7
23.1
22.5
22.6
18.5
15.3
17.3
20.9
20.5
20.3
17.1
17.1
17.0
17.9
18.7
20.1
20.2
19.9
20.5
20.0
20.2
19.2
19.4
19.5
20.7
21.0
20.9
19.7
17.2
15.9
14.2
11.9
12.9
14.2
15.1
14.4
12.5
16.4
19.7
19.9
17.6
16.7
17.3
17.2
19.1
17.2
16.8
17.2
19.9
18.1
17.2
17.6
18.3
19.9
18.0
17.0
15.1
12.6
12.1
12.9
10.1
8.2
5.1
5.5
6.6
9.3
11.2
6.8
9.8
10.6
13.0
11.2
10.3
11.1
10.5
12.9
9.2
8.3
8.4
7.8
4.6
6.9
3.8
6.2
6.6
7.8
7.6
3.8
5.2
6.0
4.7
5.4
2.9
2.8
3.3
4.6
2.9
1.1
-2.4
-2.0
0.8
9.9
8.8
2.5
2.4
-1.4
-0.4
-2.5
-5.1
-7.9
-7.7
-2.9
2.4
0.7
1.6
0.3
1.3
2.7
0.8
2.8
1.4
-0.1
0.2
-0.1
-0.4
-5.5
-4.7
-2.5
-5.6
-3.3
0.4
-0.7
-6.4
-3.2
-3.9
-1.7
-0.3
-0.7
-0.6
-1.2
0.8
1.1
1.1
0.8
-1.0
-2.1
0.7
1.2
1.4
-2.6
0.4
-3.2
-2.8
-1.7
-1.0
1.7
4.3
3.3
-0.9
0.9
-6.0
-5.3
-7.3
-6.2
-2.6
2.3
1.9
3.4
1.9
-1.6
-4.8
-3.1
-3.8
-5.4
-6.2
-6.6
-6.0
-3.4
-3.7
-1.9
0.1
-1.9
-4.9
-8.3
-9.5
-9.2
-9.2
-7.6
-5.4
0.4
1.4
3.3
0.5
0.5
-1.5
0.4
1.3
1.0
0.1
-0.3
0.3
0.6
2.2
1.1
0.7
2.0
1.8
-1.3
-3.9
-2.9
-2.9
-2.4
-0.6
-0.6
-2.6
-3.9
-5.2
-2.3
0.5
2.4
4.1
2.5
1.8
0.9
-2.4
-1.9
1.1
2.0
4.9
6.0
6.3
5.4
7.0
9.4
9.7
11.8
12.1
12.9
13.9
15.2
15.5
12.5
8.2
8.0
7.0
8.2
10.8
11.5
10.8
10.1
10.8
12.6
13.0
14.1
14.5
12.4
10.4
11.5
14.2
14.6
13.3
8.7
7.9
4.5
5.9
9.0
12.0
11.4
14.6
16.7
15.8
16.8
14.2
15.3
16.6
16.3
16.7
17.5
10.8
11.4
12.8
16.1
17.7
17.5
17.8
17.5
14.7
12.0
14.1
17.1
17.2
16.6
14.5
14.8
17.3
14.4
11.8
14.4
12.7
12.0
13.8
15.7
18.9
20.1
17.8
14.3
17.0
18.4
19.7
17.6
19.3
14.4
12.6
15.8
19.1
21.7
23.2
22.2
20.6
20.2
20.7
21.0
20.4
22.1
23.8
22.7
21.9
21.7
20.3
22.6
20.6
17.6
18.5
18.7
19.6
17.0
14.5
20.3
19.1
20.0
20.6
22.3
22.3
23.2
25.0
25.6
25.1
24.3
21.9
24.0
24.0
22.5
22.2
22.0
17.7
17.5
20.1
18.5
17.4
18.4
16.6
14.3
16.2
16.2
15.8
17.2
18.2
18.3
17.8
18.3
17.8
18.3
18.7
16.7
18.6
19.3
19.4
17.0
17.0
15.6
15.4
16.1
17.2
18.4
18.2
19.6
19.8
19.2
17.6
15.4
17.6
14.2
11.0
12.7
13.8
15.9
16.1
18.0
16.4
17.2
20.2
21.8
19.7
17.1
13.8
12.5
13.1
12.4
11.8
12.9
13.8
11.9
13.0
11.1
10.9
16.1
16.6
15.1
14.5
17.2
18.0
17.8
15.4
14.0
13.0
12.8
13.9
12.4
14.7
17.0
16.7
14.9
13.6
11.2
7.4
5.4
6.5
6.7
6.8
4.8
3.3
3.4
3.6
4.0
3.0
3.9
6.2
8.4
12.8
7.1
7.4
8.1
11.4
12.2
11.2
11.5
11.1
9.3
11.2
8.1
6.7
6.9
9.5
9.7
8.1
6.1
5.4
4.8
4.6
6.9
5.3
0.9
-1.3
-1.3
-3.2
-0.9
0.3
0.7
1.8
6.3
7.5
6.2
3.0
4.0
3.1
4.7
6.4
4.5
1.6
1.0
-0.9
-3.1
-1.0
-2.8
-2.9
0.4
2.0
2.6
2.5
-0.5
-2.9
-2.9
-1.7
-0.9
-4.2
-7.6
-7.3
-3.6
-3.0
-9.7
-9.7
-2.2
-1.2
-4.8
-10.1
-7.3
-2.1
-2.9
-7.6
-4.5
-0.7
1.9
3.3
1.0
0.6
1.0
0.0
-3.6
-7.0
-7.8
-4.2
-5.4
-1.1
1.3
0.3
2.5
2.0
0.6
4.4
5.0
0.3
-2.0
-0.9
-0.9
-0.8
-2.7
0.0
0.4
4.3
3.8
2.0
7.7
6.7
6.1
3.9
3.8
2.6
1.8
2.9
7.1
10.9
11.4
9.6
9.6
6.9
8.8
7.9
1.6
-2.0
-1.2
1.3
0.7
4.0
6.9
6.6
5.0
4.6
7.8
5.9
6.3
8.9
8.9
8.0
7.9
7.2
7.4
7.4
8.5
9.0
9.1
10.5
12.2
14.1
13.8
12.4
12.8
14.7
6.6
0.4
2.5
2.5
6.7
7.7
11.0
6.1
7.2
10.8
14.2
14.5
5.4
4.1
4.1
5.3
4.3
5.9
4.2
7.6
9.7
9.5
7.8
6.9
11.0
14.4
12.5
10.0
8.6
12.2
12.4
17.4
19.3
20.9
20.7
19.6
20.4
23.0
19.4
15.7
12.6
12.2
11.7
13.9
16.4
18.9
19.0
16.4
15.9
14.6
15.7
19.0
23.4
23.8
16.4
12.5
12.0
13.9
10.6
10.8
12.1
14.5
15.7
12.3
11.5
12.0
9.1
12.2
14.7
17.0
19.7
21.5
22.6
23.0
24.2
22.8
23.2
24.3
22.1
23.6
22.8
21.6
20.7
2.00
20.1
18.5
19.2
19.4
20.0
19.1
17.2
17.9
18.0
20.3
20.6
21.4
21.6
20.5
18.2
18.8
19.5
20.2
20.0
18.6
18.1
18.2
20.8
20.9
16.9
15.7
16.7
19.1
19.8
18.8
20.9
18.0
18.9
20.3
23.3
22.7
17.7
18.5
19.8
21.6
22.3
17.6
15.2
15.3
17.9
19.4
20.3
20.1
20.5
21.3
22.2
21.6
20.3
21.3
19.3
17.6
15.9
16.1
17.1
19.0
17.2
17.2
20.5
17.4
14.1
15.5
14.6
16.9
21.0
17.7
17.2
18.0
19.1
19.5
19.6
19.0
20.2
20.1
20.7
20.3
17.8
13.4
13.5
17.7
15.0
12.2
13.8
11.8
9.0
8.2
10.5
10.3
11.9
11.0
11.0
10.7
7.7
7.7
5.9
4.3
6.2
9.6
13.5
11.6
7.9
8.7
13.1
14.7
16.9
14.3
13.5
14.7
12.7
14.6
13.0
12.1
9.8
7.7
6.0
7.6
7.5
6.8
5.3
5.7
7.3
8.1
11.3
11.9
11.1
8.5
6.8
9.1
8.5
10.1
9.0
8.3
12.3
12.0
8.3
10.2
5.5
7.2
10.0
9.2
8.4
7.8
5.7
5.2
4.5
3.4
3.9
1.7
1.2
0.3
2.4
0.7
0.0
0.8
1.9
0.9
0.3
-4.4
-4.4
-3.9
-2.6
-1.1
-1.6
-1.9
-4.6
-0.3
-6.0
-0.9
-0.6
-3.5
-7.3
-9.0
-9.4
-4.8
-8.0
-8.8
-7.5
-7.0
-6.8
-5.4
-3.6
-4.9
-3.9
1.1
2.2
1.1
1.2
1.3
1.0
1.1
-1.7
-2.4
-1.6
1.3
-2.5
-4.8
-4.3
-9.1
-8.5
-7.6
-6.2
-3.3
0.2
1.2
0.1
-1.9
-1.0
-1.8
-0.7
-2.9
-3.0
-4.0
-2.9
0.4
2.1
1.5
1.0
1.1
3.1
3.4
2.1
1.3
1.2
-0.3
-1.7
-2.2
-0.6
-1.9
-3.6
-3.4
-2.9
0.8
3.6
1.8
-0.2
-0.7
-2.7
-2.6
-3.6
-7.2
-5.5
-8.8
-8.3
-0.8
3.3
2.9
4.8
5.4
6.0
5.7
5.2
7.3
7.4
8.6
8.6
3.3
3.4
3.6
4.0
2.4
3.0
3.1
7.5
9.1
9.0
9.0
6.0
4.2
3.9
3.0
3.3
2.0
4.8
5.1
4.9
6.8
6.0
10.1
10.9
10.7
10.6
10.5
11.7
10.9
9.0
4.0
3.1
6.0
6.1
7.4
10.2
12.8
12.4
12.2
8.0
5.9
5.4
4.5
6.4
6.9
8.7
11.0
12.6
12.9
12.7
12.1
11.4
11.7
12.2
12.8
16.0
13.8
10.9
11.8
13.9
17.0
14.7
12.4
12.2
9.6
6.1
5.9
7.4
10.3
11.8
10.6
11.7
12.4
14.5
16.7
18.2
19.3
16.0
16.5
15.8
14.7
13.5
15.9
14.9
17.6
19.8
19.8
20.4
20.4
18.5
17.0
19.1
20.4
21.8
20.1
18.4
17.8
15.0
14.5
12.7
14.7
15.9
15.9
14.4
15.1
17.4
19.0
18.5
19.8
22.0
19.6
15.0
15.6
13.6
14.3
17.0
19.9
18.9
19.3
21.4
22.9
18.2
15.3
15.6
16.3
16.4
16.8
16.8
17.5
18.6
19.0
16.9
17.3
18.5
18.8
17.8
16.9
14.5
15.0
16.4
17.8
18.5
19.7
20.9
21.0
20.2
21.1
20.9
21.6
21.5
22.7
20.3
20.6
22.4
21.5
16.9
16.5
16.5
16.3
15.5
16.0
16.9
18.4
19.8
17.9
14.9
13.9
15.3
17.9
18.7
18.3
18.1
14.4
13.8
15.3
13.7
14.2
12.4
12.1
12.7
12.6
12.7
15.3
16.1
15.8
15.0
15.6
15.5
19.4
16.3
12.9
11.6
13.7
14.2
13.3
13.6
12.8
9.9
9.4
11.1
13.4
12.5
17.2
12.5
12.8
10.9
11.3
12.8
13.0
15.0
17.5
18.8
10.2
10.1
12.8
13.2
12.6
12.3
11.5
14.2
12.7
10.6
10.0
9.3
9.0
8.6
6.4
9.5
7.8
5.4
8.8
8.1
9.2
7.6
2.6
2.4
5.9
6.9
8.1
8.1
5.6
4.2
4.8
4.6
3.6
4.3
3.7
3.7
2.2
0.6
-0.2
-0.7
-0.9
-0.9
-0.6
-0.4
-0.5
0.1
-0.4
-0.4
0.4
2.0
2.4
1.1
1.0
2.1
4.1
0.5
1.1
3.9
2.3
1.0
-5.1
-7.4
-6.7
-9.2
-9.7
-7.8
-3.2
-1.1
1.7
3.1
3.1
1.5
3.1
3.6
-3.4
-3.8
-0.4
-0.1
-1.0
0.7
1.6
1.3
0.8
2.5
3.8
7.9
6.3
6.6
0.9
-10.3
-9.3
-7.9
-11.4
-10.2
-9.6
-8.9
-8.8
-1.7
1.5
0.6
-3.6
-1.5
-2.8
-7.6
-14.4
-7.2
-4.6
-8.3
-4.5
-3.0
-0.8
0.8
1.4
0.9
1.5
7.6
6.8
1.1
-2.9
-0.7
3.2
3.6
2.3
0.0
1.5
-1.7
-0.5
-0.3
-0.2
-1.5
1.5
2.4
1.3
3.9
3.1
5.2
5.2
3.8
0.4
-2.1
-2.5
-1.6
-1.2
-1.7
-1.5
-1.9
-1.5
2.7
2.9
3.9
5.4
5.2
5.3
4.5
4.5
2.5
1.6
2.5
3.2
6.0
9.2
6.2
11.2
7.7
8.3
9.2
10.7
12.8
10.5
9.6
5.9
4.5
5.0
7.9
11.1
10.1
7.6
5.7
6.0
6.7
8.1
9.2
8.6
7.3
7.2
5.9
6.0
7.8
7.3
7.6
9.4
11.0
12.7
11.8
11.5
6.5
4.8
6.2
9.6
10.7
12.8
14.9
15.1
13.7
13.9
11.5
8.7
11.1
11.2
14.3
14.2
9.8
11.8
9.9
11.7
10.3
10.4
11.5
12.9
14.5
15.0
15.7
16.8
17.7
19.2
20.6
21.6
22.0
22.8
19.6
20.2
21.2
21.9
20.2
21.7
20.8
18.0
20.4
23.1
22.7
24.5
23.8
23.3
22.5
23.0
23.4
22.1
21.5
20.2
21.3
20.6
22.2
20.6
20.5
20.1
20.6
20.1
19.6
17.4
15.7
18.8
21.1
22.4
21.3
23.6
23.3
24.3
23.0
22.2
18.9
17.1
15.9
15.4
16.6
15.9
16.1
15.4
17.0
16.4
15.9
18.5
19.2
20.9
19.6
17.5
16.4
16.1
22.3
22.7
22.6
18.7
17.3
16.8
16.4
16.0
16.5
15.4
17.9
20.8
22.8
24.7
26.0
26.4
24.1
19.5
19.6
19.2
20.0
22.1
19.9
15.2
14.1
13.2
16.7
20.8
20.2
18.9
14.7
17.6
17.1
18.2
18.5
19.5
21.8
18.0
14.6
12.6
14.9
13.7
14.9
15.0
18.0
18.5
19.4
18.0
16.5
17.9
16.3
16.5
16.9
16.0
17.8
17.9
18.7
20.5
15.1
9.9
9.2
15.0
17.5
18.2
18.6
18.1
20.7
20.7
15.9
12.6
12.6
13.8
14.0
12.1
9.3
9.1
6.0
6.3
9.4
8.9
6.3
5.9
6.5
7.4
7.9
10.0
11.6
16.0
17.6
18.8
18.9
12.7
8.5
8.9
9.6
7.6
6.2
4.6
0.5
-0.7
-1.3
-0.3
4.0
5.5
3.2
1.6
2.1
2.1
0.5
2.7
3.5
4.7
3.6
7.9
6.1
4.1
4.0
3.3
7.1
10.6
12.2
12.0
11.9
10.5
7.1
6.1
4.1
2.1
0.5
1.6
0.9
0.9
0.3
1.8
4.7
5.3
7.0
3.8
3.8
3.4
3.6
5.8
7.6
7.3
8.0
9.3
4.5
-4.9
-5.5
-2.5
1.2
2.9
1.8
-0.1
1.9
3.1
3.6
5.5
6.1
1.5
1.4
0.4
-1.9
-1.8
-0.3
-0.7
-0.5
-5.2
-4.3
-4.7
-9.9
-9.4
-5.3
-1.0
-2.7
-3.5
-6.2
-6.3
-8.3
-12.3
-11.4
-2.4
-2.2
-2.6
-2.5
-5.2
-0.9
0.4
0.0
0.2
-0.3
-1.6
-5.7
-8.2
-10.5
-9.7
1.9
5.5
1.1
0.6
2.1
1.7
2.7
2.2
3.6
3.2
2.6
2.7
3.0
1.3
1.1
-1.1
-2.7
-1.2
1.4
1.9
0.9
-0.9
-2.2
-1.5
-2.5
-1.3
-1.1
-1.7
-1.5
-0.1
2.0
1.6
-3.5
-3.0
-0.2
2.2
3.3
4.3
3.5
3.6
3.3
3.3
3.8
5.5
5.9
3.7
4.7
3.6
-1.6
04.5
0.0
3.1
1.9
4.8
7.7
9.1
11.4
14.0
10.3
6.2
7.9
11.1
8.3
4.7
5.0
6.1
8.1
6.5
7.4
6.3
5.8
7.0
8.2
11.5
12.3
13.6
13.1
14.3
10.3
7.9
6.6
6.4
6.4
6.0
7.0
8.2
10.3
11.3
12.1
13.8
14.8
12.7
8.5
5.1
8.9
12.9
11.7
14.5
16.0
12.3
13.7
11.8
10.0
7.7
9.1
10.4
13.4
12.3
13.0
14.1
13.8
11.6
10.2
11.1
14.4
15.1
18.3
18.7
19.8
19.3
16.2
13.3
14.6
13.7
13.7
16.9
15.9
16.1
17.1
19.1
19.1
18.4
20.7
20.5
21.6
24.0
17.4
18.6
19.4
16.7
17.8
19.0
18.0
20.5
19.9
19.0
17.6
14.4
15.2
14.1
13.6
15.8
15.7
15.7
14.9
15.6
18.2
17.2
20.3
24.6
21.8
19.0
16.9
17.4
17.2
22.3
24.2
17.4
18.3
17.9
21.7
20.5
14.2
16.8
17.4
20.0
20.8
20.7
20.9
20.4
20.3
20.3
21.5
21.6
22.9
23.3
24.6
23.1
21.5
22.6
21.4
17.6
17.8
19.0
15.8
16.3
19.2
20.4
19.3
16.7
15.8
16.4
20.5
17.3
14.7
13.1
12.7
13.2
15.6
16.7
17.7
20.4
18.2
15.5
13.8
13.4
14.7
16.2
16.4
16.2
17.8
17.6
15.4
13.6
14.7
16.4
15.0
12.3
11.9
12.3
12.2
12.3
12.1
13.8
16.8
15.7
12.9
11.7
13.0
13.1
10.8
12.2
12.6
12.3
11.6
10.3
9.0
9.1
9.4
14.2
19.0
15.9
9.0
9.0
10.6
14.9
10.8
11.0
14.4
15.9
16.4
13.6
9.9
6.2
6.0
10.1
10.3
13.4
8.8
5.6
7.9
8.9
10.6
4.7
1.1
0.1
0.0
0.2
0.3
3.6
5.5
1.2
2.0
1.4
-0.3
0.4
1.2
-1.1
0.5
6.9
8.8
7.3
5.9
1.8
1.0
2.1
3.5
4.3
4.3
4.6
3.6
2.9
1.0
-0.2
-5.3
-5.5
-5.3
-3.1
-8.1
-4.9
-6.2
-6.2
-6.5
-5.2
-2.9
0.5
-0.7
0.6
2.1
2.0
1.0
-1.9
1.3
2.4
2.5
2.6
2.0
1.0
2.6
3.0
1.5
1.7
-0.9
-0.6
0.5
0.8
0.7
1.3
3.9
0.3
-2.5
-5.4
-6.7
-9.2
-10.7
-8.9
-4.7
-2.7
-2.3
-5.9
-5.9
-11.6
-5.0
-4.3
-4.5
-3.3
-2.7
-1.9
-1.6
-7.1
-3.8
-3.5
-5.1
-2.8
-5.0
-4.9
-0.3
-5.3
-5.0
2.0
1.6
-0.1
-0.9
2.0
0.5
3.0
2.8
0.0
-0.8
-2.5
-2.7
0.1
-1.2
-3.9
-3.2
-2.2
-0.6
1.0
4.3
3.9
2.8
0.4
-0.9
-1.0
0.0
0.2
0.6
2.2
2.4
3.6
5.6
8.3
9.3
9.0
6.5
10.3
5.3
7.4
8.4
8.5
7.6
4.7
3.7
7.7
9.1
9.4
10.6
10.2
11.8
14.7
13.2
7.8
7.4
10.4
13.4
13.4
10.5
6.0
7.1
9.6
10.2
11.8
11.4
13.0
11.4
11.6
12.4
15.3
13.5
11.6
6.0
3.9
3.9
4.8
5.4
6.5
9.9
8.2
8.7
9.0
10.5
11.8
9.3
7.9
8.3
12.8
11.2
9.1
10.9
12.0
11.0
11.8
15.2
15.5
15.9
19.1
18.3
14.6
16.2
15.3
16.0
18.0
17.2
17.3
13.6
15.1
16.1
17.0
17.3
19.9
22.2
23.2
18.6
13.5
17.0
18.3
20.8
22.3
23.9
24.9
22.3
22.2
21.3
20.3
22.1
22.7
22.8
23.5
18.1
16.0
18.7
19.0
17.0
14.0
15.0
15.1
16.9
17.6
17.9
18.4
19.2
21.4
21.1
21.9
24.1
21.7
18.6
19.6
21.8
17.9
17.4
17.9
19.4
19.4
18.1
21.1
22.6
22.6
23.6
23.9
19.4
19.2
20.1
24.1
23.0
16.7
14.4
18.6
22.1
23.4
21.9
18.7
19.0
16.3
14.9
18.1
17.9
19.9
23.8
24.3
22.0
20.3
21.1
22.0
23.4
21.1
21.2
21.2
19.8
20.4
20.0
21.2
23.3
18.5
16.4
16.5
19.1
20.1
16.5
15.0
13.8
14.0
15.4
15.4
12.5
13.3
12.8
13.1
14.7
15.6
14.5
15.0
15.4
14.8
15.3
15.5
16.4
16.3
16.1
15.6
15.2
12.8
12.5
12.0
11.8
11.3
13.3
16.0
19.6
22.1
22.7
16.6
14.6
17.9
18.0
18.9
17.2
16.9
15.7
14.7
15.9
16.5
16.8
17.8
17.9
14.4
12.2
13.4
14.0
10.3
8.6
6.8
7.7
10.2
4.8
9.9
11.0
11.3
14.4
15.9
12.9
5.3
5.0
5.4
7.1
9.3
5.4
8.0
11.5
11.2
11.4
8.8
4.5
4.8
4.1
2.2
2.4
0.6
1.2
1.0
-0.6
1.9
2.5
2.8
2.8
-0.1
-2.9
0.7
1.9
4.9
7.1
7.9
8.0
5.9
0.7
-1.6
0.5
0.7
1.0
1.6
0.8
1.0
0.0
-1.8
-2.5
0.5
2.8
5.5
0.8
-0.5
5.0
-0.4
-4.4
-0.8
-0.1
-4.0
-9.3
0.9
-3.6
-7.2
-4.5
0.2
0.5
1.0
0.1
-1.7
-2.0
1.5
1.9
2.9
3.4
3.4
1.6
3.1
4.5
5.7
-2.5
-6.6
-9.9
-11.4
-13.5
-5.3
-7.2
-14.8
-13.4
-11.8
-11.9
-12.7
-13.5
-13.6
-9.8
-6.1
-3.8
-4.3
-9.1
-9.4
-6.4
-1.8
-1.4
-0.8
0.7
-1.1
-2.4
-4.9
-6.4
-9.6
-8.5
-6.0
-2.2
0.5
0.5
-0.5
-5.4
-4.4
-4.8
-5.0
-4.3
-3.7
-3.3
-3.4
-5.3
-6.7
-5.1
-1.6
0.4
2.2
0.9
0.0
-1.7
1.0
3.0
5.1
5.1
4.1
3.4
2.6
1.4
1.0
2.1
4.8
3.7
3.2
4.3
4.1
4.1
4.0
4.8
4.4
4.2
2.4
2.3
3.3
3.4
5.1
8.3
6.7
10.8
12.0
10.9
9.5
8.5
9.8
11.6
10.6
9.6
10.3
12.0
14.5
8.4
6.0
7.9
7.3
6.3
1.9
5.0
6.4
7.5
7.9
7.0
5.5
5.2
4.1
6.3
6.7
9.7
9.9
4.7
4.1
8.2
9.6
8.5
5.6
7.8
14.4
17.3
16.9
15.5
13.3
15.8
16.3
18.6
13.4
13.5
14.3
14.4
15.6
17.3
19.2
20.4
19.0
18.8
19.8
17.2
18.2
15.1
19.0
20.1
21.7
19.1
18.3
17.9
20.8
22.3
22.7
22.3
22.4
23.3
19.7
17.1
19.1
18.9
17.6
21.1
18.4
14.1
14.2
14.4
13.5
14.8
16.5
16.8
18.4
20.4
19.5
21.4
20.9
22.4
23.5
17.2
17.2
15.4
15.0
16.9
19.5
20.2
17.9
17.5
15.1
16.4
17.7
18.3
20.3
18.9
19.8
21.0
20.8
21.9
24.3
23.8
23.3
23.3
24.5
22.4
22.4
22.5
22.5
19.7
18.9
19.4
20.4
19.0
20.0
19.2
18.3
21.6
22.4
19.6
21.0
21.2
22.1
21.5
21.7
21.1
19.9
21.4
24.1
22.6
22.2
20.9
18.2
20.3
22.2
18.4
16.8
17.3
16.8
18.4
19.1
20.2
22.7
18.7
15.0
17.5
17.4
19.1
18.0
16.8
18.9
20.8
24.2
23.5
21.6
18.9
19.6
19.7
18.4
18.1
17.4
16.9
16.9
17.5
17.4
18.1
17.8
16.4
17.1
14.8
14.1
14.5
17.0
16.6
16.1
14.6
14.1
14.3
12.4
12.5
12.8
12.4
10.9
11.3
10.4
11.6
10.9
10.6
12.0
14.2
13.6
10.3
10.0
7.9
8.4
9.3
9.5
7.9
10.6
13.7
13.5
11.4
10.7
7.4
6.6
5.6
7.3
5.5
5.3
5.6
5.0
3.7
-0.7
-2.2
-2.8
2.0
6.1
4.7
3.4
4.6
8.1
4.8
3.4
3.1
3.7
4.1
2.7
-0.6
2.0
2.7
6.5
5.9
6.6
2.7
2.4
5.7
6.0
3.7
2.6
0.9
-0.9
-1.5
-1.7
-1.9
0.8
8.3
9.7
8.2
1.6
-0.6
1.6
-1.3
5.3
8.3
11.2
5.3
2.5
4.4
5.4
7.2
4.6
3.3
1.8
1.3
2.1
1.4
-0.3
-0.8
-0.2
0.0
0.8
0.3
0.2
-1.1
1.3
0.6
-1.0
0.9
0.2
1.8
1.9
1.1
1.0
1.7
1.3
4.6
2.7
-2.1
-2.2
2.6
3.4
3.8
3.3
1.4
3.3
7.6
8.5
7.0
4.5
1.3
3.4
0.8
-1.0
-2.4
-3.3
0.1
1.7
1.0
2.7
4.9
3.7
0.7
-1.0
-4.3
-5.2
-0.4
-1.2
-2.6
0.6
-0.6
-5.2
-3.7
0.8
-0.1
0.0
1.4
2.0
2.6
4.7
1.6
0.9
1.4
5.0
8.1
6.3
8.3
7.8
7.7
-1.4
-1.7
-0.2
2.9
5.4
7.2
8.8
10.2
7.7
11.0
9.6
6.8
9.2
11.5
6.3
4.0
6.8
9.0
11.3
9.8
12.7
12.2
10.5
8.0
8.0
10.4
9.2
11.1
14.5
12.3
15.6
17.1
8.1
5.0
5.8
6.1
7.3
9.0
10.3
14.8
16.8
15.4
12.7
15.7
14.9
16.5
18.5
18.5
17.1
14.5
16.6
14.5
13.4
14.1
12.0
10.6
11.4
11.6
14.1
15.2
16.3
18.4
20.6
21.1
23.0
24.2
22.9
22.4
22.1
19.4
20.4
22.6
22.5
20.8
15.7
14.0
15.7
17.1
17.3
18.7
19.3
20.4
21.0
21.8
23.3
23.8
17.0
14.5
14.9
18.9
18.5
17.4
17.9
18.1
17.0
18.2
13.5
12.8
15.3
14.6
17.4
20.6
19.1
17.2
18.5
20.8
20.6
22.3
19.9
16.8
18.0
19.7
19.9
20.6
21.6
22.5
23.1
23.9
23.0
22.8
22.9
20.9
18.8
18.8
19.4
20.8
22.0
22.8
24.6
25.9
23.1
16.3
16.7
18.6
21.2
18.2
21.5
25.1
24.1
21.2
20.1
19.8
21.8
23.9
22.3
16.8
13.9
17.1
17.8
19.5
22.0
21.7
21.5
21.8
18.5
16.0
16.2
18.4
20.0
21.5
22.4
20.9
20.6
19.3
18.9
20.6
18.9
20.0
19.7
20.0
19.5
21.0
20.4
19.7
19.3
18.9
15.0
17.3
17.5
13.1
11.8
15.5
20.9
23.1
18.4
15.1
14.5
16.4
17.9
17.6
12.7
16.6
16.5
16.5
16.2
14.1
11.9
11.0
11.6
10.8
12.0
12.4
12.9
9.9
7.0
7.9
8.3
12.3
14.0
12.6
13.2
12.0
10.6
10.7
9.8
8.8
8.8
9.3
14.6
15.6
9.5
9.6
11.2
9.1
5.1
3.6
3.2
3.9
5.5
7.8
5.2
8.1
7.3
5.7
5.7
5.1
4.3
5.9
8.1
6.9
3.4
3.6
3.3
2.7
2.6
-0.5
-2.1
-4.4
-4.2
-2.0
-1.6
-6.4
-6.1
-6.6
-5.2
-2.8
-2.7
-2.6
-3.3
1.3
6.1
7.5
3.7
1.4
-3.6
-6.6
-6.6
-3.5
-5.2
-6.5
-1.7
-0.8
-5.2
-3.2
-4.6
-11.8
-14.1
-9.5
-10.5
-1.4
-1.8
2.6
5.0
5.3
4.0
1.2
2.9
3.0
5.2
4.7
2.6
2.3
0.1
-0.8
0.7
-0.781081081081081
-1.18378378378378
-1.22972972972973
-1.33783783783784
-2.48648648648649
-2.37027027027027
-2.17837837837838
-3.31351351351351
-4.31351351351351
-4.13243243243243
-4.25675675675676
-3.87567567567567
-4.01891891891892
-4.21891891891892
-3.65135135135135
-3.52972972972973
-3.78918918918919
-3.31891891891892
-3.58648648648649
-3.47297297297297
-3.18648648648649
-2.86486486486486
-2.04054054054054
-1.88378378378378
-2.06216216216216
-2.46486486486486
-2.71621621621622
-2.62432432432432
-2.08378378378378
-1.98648648648649
-2.18108108108108
-2.04864864864865
-1.83243243243243
-1.70810810810811
-2.02702702702703
-1.86216216216216
-1.47837837837838
-1.62972972972973
-1.46756756756757
-0.951351351351351
-1.31351351351351
-0.62972972972973
-0.272972972972973
0.0729729729729729
-0.156756756756757
-0.0864864864864865
-0.559459459459459
-0.405405405405405
-0.072972972972973
0.272972972972973
0.313513513513513
0.00270270270270255
-0.181081081081081
0.42972972972973
0.302702702702703
-0.216216216216216
0.310810810810811
-0.124324324324324
-0.543243243243243
0.572972972972973
0.924324324324324
1.32432432432432
1.47297297297297
2.0972972972973
2.14594594594595
2.28378378378378
2.53783783783784
2.85675675675676
2.68378378378378
2.34594594594595
2.85135135135135
2.96216216216216
3.70810810810811
4.12162162162162
4.60540540540541
4.54324324324324
4.67567567567568
4.55945945945946
4.78648648648649
5.35675675675676
5.48918918918919
5.93783783783784
6.19189189189189
6.9
7.51351351351351
7.56756756756757
7.68918918918919
7.71081081081081
8.33783783783784
8.79189189189189
9.17837837837838
8.81621621621621
9.01621621621622
9.6972972972973
9.86756756756757
10.4351351351351
10.7243243243243
10.1567567567568
9.71621621621622
9.55675675675676
9.76486486486487
9.76486486486487
9.88918918918919
9.50810810810811
9.62162162162162
9.98918918918919
10.5783783783784
10.5756756756757
10.3405405405405
10.1891891891892
11.0189189189189
11.0675675675676
11.5513513513514
12.0702702702703
11.7459459459459
11.8891891891892
12.0135135135135
12.1216216216216
12.6621621621622
13.4054054054054
13.4783783783784
13.9351351351351
13.7162162162162
14.0189189189189
14.6972972972973
14.9864864864865
14.9297297297297
14.3945945945946
14.6837837837838
14.6351351351351
14.7216216216216
15.1918918918919
15.5324324324324
15.8675675675676
16.4324324324324
16.1513513513513
16.5027027027027
17.0243243243243
17.3864864864865
16.1864864864865
16.3
15.9162162162162
15.9540540540541
16.1837837837838
16.3918918918919
16.8675675675676
17.2351351351351
17.2621621621622
16.8891891891892
17.227027027027
17.1783783783784
17.6594594594595
17.5054054054054
17.5621621621622
17.6513513513514
18.0810810810811
18.3378378378378
18.6513513513513
19.472972972973
19.2081081081081
18.8972972972973
18.5
18.6864864864865
18.8486486486487
18.5918918918919
19.2432432432432
18.9567567567568
18.6135135135135
19.0783783783784
19.7837837837838
18.8621621621622
19.1648648648649
19.6783783783784
20.3324324324324
20.2297297297297
20.0783783783784
20.0918918918919
20.3378378378378
19.8972972972973
19.527027027027
19.1756756756757
19.7486486486486
19.9297297297297
20.3594594594595
20.6540540540541
20.1486486486486
20.1081081081081
19.8945945945946
20.2918918918919
20.1837837837838
20.0621621621622
20.2405405405405
20.5675675675676
21.0675675675676
21.6891891891892
21.7810810810811
21.1702702702703
21.3648648648649
21.2513513513514
21.1297297297297
21.2675675675676
20.827027027027
20.5378378378378
21.1783783783784
21.0675675675676
20.172972972973
20.0675675675676
20.1648648648649
20.4567567567568
20.927027027027
20.6486486486486
20.5891891891892
21.2378378378378
20.9810810810811
21.1756756756757
20.6432432432432
20.6540540540541
20.4486486486486
21.1783783783784
26.5864864864865
20.3972972972973
20.2216216216216
20
20.3918918918919
20.1675675675676
20.2513513513514
20.5648648648649
20.5621621621622
19.9351351351351
19.7108108108108
19.2513513513513
19.4189189189189
19.3918918918919
18.9432432432432
18.0378378378378
18.3648648648649
18.6864864864865
18.1162162162162
18.2432432432432
18.7324324324324
18.2702702702703
18.0432432432432
17.9162162162162
17.7054054054054
17.8837837837838
18.1945945945946
17.8918918918919
18.0648648648649
18.1486486486486
17.5972972972973
16.9567567567568
16.7513513513514
16.7486486486486
16.727027027027
17.0162162162162
16.2702702702703
15.5297297297297
15.4648648648649
15.6621621621622
15.2297297297297
14.5783783783784
14.2918918918919
14.5945945945946
14.5081081081081
15.1297297297297
14.9189189189189
13.9405405405405
13.7513513513514
13.3027027027027
13.5675675675676
12.9783783783784
12.5594594594595
12.7324324324324
12.5081081081081
12.4243243243243
12.3405405405405
12.2810810810811
11.6027027027027
11.1567567567568
11.5594594594595
11.5459459459459
11.4594594594595
10.6324324324324
10.6756756756757
11.1540540540541
10.8324324324324
10.4324324324324
10.0891891891892
9.9
9.44864864864865
9.4
9.02972972972973
9.20810810810811
8.56486486486487
8.08108108108108
8.44324324324324
8.31621621621622
8.36756756756757
7.4945945945946
7.17837837837838
6.53243243243243
6.79459459459459
6.27027027027027
6.34864864864865
6.58108108108108
6.54864864864865
6.85405405405406
6.74054054054054
6.65135135135135
6.6
6.43513513513513
5.21621621621622
5.42432432432432
5.74864864864865
5.26486486486486
5.02702702702703
5.00540540540541
5.0027027027027
4.3027027027027
4.64594594594595
4.05405405405405
4.02702702702703
4.13783783783784
3.03783783783784
2.35135135135135
2.31621621621622
1.92702702702703
1.98648648648649
1.66486486486486
1.41081081081081
1.64864864864865
1.94594594594595
1.68108108108108
1.51081081081081
1.42432432432432
1.07027027027027
0.564864864864865
0.651351351351351
0.586486486486486
1.01351351351351
0.651351351351351
0.35945945945946
0.497297297297297
0.25945945945946
0.267567567567568
-0.259459459459459
-0.764864864864865
-0.664864864864865
-1.12162162162162
-0.413513513513513
-0.454054054054054
-0.681081081081081
-0.435135135135135
-0.127027027027027
-0.7
-0.567567567567568
-0.624324324324324
-0.918918918918919
-0.545945945945946
-0.513513513513514
-0.678378378378378
-0.37027027027027
0.4
0.421621621621622
-0.172972972972973
-4.7
-0.6
-6.5
-8.0
-10.1
-10.8
-11.7
-17.1
-14.4
-10.2
-11.3
-13.4
-13.4
-12.7
-8.7
-9.3
-10.1
-12.9
-9.2
-12.3
-9.4
-0.3
3.2
4.0
-0.3
2.5
3.1
0.1
-2.5
-2.0
-1.5
1.3
5.1
-0.3
-3.8
-3.2
-0.6
-2.6
-7.6
-7.3
-6.8
-13.9
-15.3
-11.2
-11.3
-11.4
-13.6
-14.3
-14.9
-11.6
-10.5
-10.1
-7.9
-6.7
-8.4
-8.8
-4.9
-10.1
-8.9
-3.7
0.2
1.4
1.8
2.2
3.5
3.3
2.1
1.5
0.1
0.5
0.9
1.9
1.2
1.5
1.9
3.5
4.1
6.1
7.3
7.8
8.1
8.4
6.5
6.5
6.7
10.6
6.4
4.9
8.7
11.3
12.3
10.9
12.8
12.1
14.9
15.9
13.4
12.1
13.3
10.9
10.0
10.3
9.1
10.3
10.5
9.7
10.5
10.5
10.5
11.1
12.4
13.8
14.9
9.6
5.1
8.0
7.9
7.8
3.8
5.0
8.9
8.3
7.4
8.1
10.4
16.5
19.4
16.6
14.3
16.5
19.2
20.8
21.6
20.1
19.1
20.3
19.2
18.0
16.4
14.9
15.7
15.4
17.0
13.2
16.0
18.9
20.0
20.5
18.4
18.3
16.8
17.0
17.1
18.5
19.2
19.4
22.2
21.4
19.9
13.3
13.9
12.5
14.6
14.1
16.2
16.4
14.0
13.2
12.5
15.3
16.4
15.1
17.6
16.6
16.1
15.3
16.3
14.8
15.3
16.2
17.2
18.0
15.5
16.3
16.4
17.2
16.8
19.1
17.4
15.0
15.8
17.4
18.9
20.1
21.0
22.4
22.3
23.2
20.8
21.8
24.1
18.9
17.3
20.6
18.9
20.0
20.2
21.4
23.0
24.5
24.1
22.4
20.0
18.2
19.0
18.5
19.0
22.3
19.7
14.1
14.1
15.2
19.2
22.5
23.0
23.7
24.0
23.6
23.5
20.3
17.0
16.1
19.1
19.9
20.3
21.7
23.6
23.8
16.0
16.2
18.6
20.8
20.4
19.2
18.4
19.5
16.6
14.8
13.8
11.1
10.7
11.0
11.8
13.5
12.8
12.0
12.8
12.9
13.7
16.0
15.2
14.3
17.0
18.5
20.8
18.9
14.5
15.2
13.0
9.8
11.3
11.4
10.2
12.9
12.1
13.3
14.0
14.9
14.5
14.3
14.2
14.2
12.9
11.6
12.8
8.7
7.3
6.0
7.4
6.6
8.9
9.1
8.0
5.6
5.9
8.0
6.2
6.2
2.1
0.4
0.2
2.1
0.1
6.1
7.5
8.3
5.8
3.3
5.9
7.6
5.2
5.7
5.9
7.1
6.3
2.5
3.0
3.0
2.1
0.5
-1.8
-1.6
1.5
3.9
4.9
4.5
3.7
2.4
1.1
0.9
0.7
-2.5
-1.8
-1.5
-2.1
-1.7
0.6
1.8
2.7
4.8
3.6
7.1
6.1
1.8
4.8
4.7
3.5
2.6
4.1
6.3
6.8
-0.4
-1.2
-0.3
0.2
2.7
-1.4
-1.8
-0.7
2.3
2.5
4.6
9.9
1.5
-2.6
-2.8
-2.7
-0.5
1.8
-0.7
-4.5
-2.7
-1.5
-3.0
-6.0
-6.0
-5.7
-1.6
0.8
3.0
1.3
-2.8
-4.0
1.2
5.4
2.3
1.6
4.3
7.0
1.9
0.7
-0.7
-1.9
0.4
0.7
1.6
3.6
1.1
-0.8
-5.3
-8.9
-9.0
-9.0
-8.6
-2.0
0.5
-1.8
-3.5
-2.1
-1.0
-0.9
-1.4
-1.1
0.7
1.3
0.1
-4.5
-2.0
-3.0
-6.2
-6.2
-8.4
-9.0
-8.3
-6.1
-2.7
-1.7
0.9
1.6
1.1
2.7
4.6
6.0
4.7
1.8
5.3
4.9
5.4
4.3
3.8
3.8
2.4
2.8
2.0
1.3
0.7
2.8
7.3
7.7
7.0
8.9
10.0
12.2
11.3
9.4
10.0
8.1
12.9
15.9
15.0
14.9
17.1
17.2
17.7
11.6
5.2
1.5
2.6
0.9
5.6
7.3
12.6
14.7
11.3
7.1
8.8
13.9
16.6
18.6
19.7
19.0
19.4
18.4
18.1
18.4
18.2
16.9
16.7
15.6
14.8
16.3
16.6
16.5
13.8
12.7
14.5
13.1
14.7
17.0
18.3
17.4
17.1
17.9
18.3
19.9
20.5
20.3
21.5
19.7
16.4
16.2
18.8
20.8
20.3
21.2
16.0
15.3
12.1
13.8
16.6
13.5
10.1
14.9
17.0
17.9
20.3
21.0
23.5
23.7
23.6
24.2
23.6
23.1
24.8
22.7
23.1
19.6
18.1
15.5
16.1
16.9
17.8
18.8
18.6
17.7
18.8
21.5
21.4
22.5
23.2
24.3
25.1
23.9
16.3
14.4
15.8
16.4
16.7
17.6
18.8
18.5
19.3
20.6
22.1
22.1
20.4
16.9
18.8
20.8
21.3
15.7
16.8
17.5
18.1
19.7
21.9
23.5
25.3
22.0
23.0
23.8
25.1
21.9
23.6
232.
20.7
21.6
21.9
24.2
23.3
19.6
18.8
20.4
23.4
25.1
22.1
20.0
16.5
16.0
20.6
17.6
16.0
16.4
18.0
21.7
20.5
13.4
14.1
13.0
15.1
17.1
14.2
13.0
13.9
16.7
16.5
15.5
16.2
15.3
16.9
20.3
18.6
21.4
21.8
21.8
19.2
11.8
9.8
11.4
13.1
14.6
15.5
12.4
9.4
11.7
11.6
11.6
12.6
11.1
11.6
12.9
11.4
8.6
7.4
11.0
8.0
11.4
11.7
9.6
11.3
9.0
6.9
6.7
7.4
8.9
9.5
7.8
7.4
9.7
8.1
13.7
8.5
3.8
4.4
6.6
6.1
3.5
4.7
6.4
5.3
6.3
5.6
1.3
2.0
3.7
4.0
4.0
1.4
-1.4
-0.7
-0.8
1.3
1.1
5.3
7.7
5.6
1.7
2.5
3.4
2.9
2.6
4.3
6.5
5.7
0.5
3.0
5.7
1.3
-2.3
-1.4
-0.1
1.4
0.6
-0.7
-2.0
-1.7
-1.6
-2.9
-5.3
-5.1
-4.4
-4.4
-3.4
-5.0
2.4
-1.1
-1.7
1.0
1.3
-0.5
-3.1
-8.3
-9.9
-8.3
-11.3
-9.2
-5.9
-2.4
3.1
2.1
5.1
1.2
-5.7
-6.7
-5.3
-0.4
-7.8
-15.8
-12.5
-8.0
-9.7
-14.7
-19.2
-10.9
-4.4
-0.6
-3.9
-3.2
-0.7
-6.5
-11.4
-7.7
-5.7
-5.6
-7.9
-1.6
-6.2
-6.0
-8.4
-13.4
-18.4
-17.9
-14.0
-8.3
-5.0
-4.2
-7.5
-0.3
-2.5
-0.1
0.9
2.6
3.6
2.1
2.6
4.8
2.8
2.1
2.9
2.5
3.3
4.9
3.4
-0.1
-3.2
-2.1
-1.3
-3.2
-0.5
-2.6
-6.9
-11.7
-9.7
-8.5
-7.1
-8.2
-7.1
-4.3
-3.1
-4.8
-5.1
-3.6
-4.4
-2.0
-1.3
0.3
0.4
3.3
5.0
2.9
3.4
3.8
3.7
6.4
7.8
9.9
12.4
9.7
4.3
3.7
5.7
9.4
6.3
8.6
10.4
11.4
9.7
13.2
12.8
12.6
12.1
7.4
9.0
9.1
8.2
8.5
11.8
10.9
8.3
11.1
13.0
9.6
9.5
12.5
14.6
11.8
6.3
7.8
11.5
14.1
16.8
17.4
17.2
16.8
16.4
15.6
10.5
8.3
10.2
13.6
13.2
14.0
17.8
12.7
11.5
13.5
13.0
14.1
16.5
15.8
11.9
11.1
12.7
13.2
15.4
15.0
14.8
12.7
14.7
14.3
12.8
12.5
15.0
14.6
16.9
16.1
16.9
19.3
23.0
23.9
20.9
20.9
20.6
22.4
22.3
25.7
18.8
13.8
15.0
15.6
16.1
17.9
19.3
18.8
19.2
19.5
19.0
20.6
22.5
23.2
24.3
25.7
25.7
24.1
22.6
20.0
19.6
19.4
21.7
23.2
19.5
19.9
22.7
22.7
21.0
20.9
22.3
25.1
26.7
27.8
27.7
25.2
25.8
25.8
27.7
21.1
18.8
16.3
15.9
16.7
18.7
19.4
19.4
18.0
18.9
17.6
15.4
13.6
15.0
16.4
17.1
17.3
16.2
16.1
15.4
16.5
17.4
14.4
15.8
18.6
18.6
18.7
17.4
15.6
17.3
18.7
19.9
18.9
20.1
18.5
16.9
16.7
17.3
16.0
15.7
17.4
18.9
18.7
18.6
20.1
17.7
15.2
14.8
17.2
18.5
22.4
24.0
21.2
15.5
16.4
15.5
17.3
19.8
13.8
14.2
16.6
17.4
15.9
17.3
15.8
10.6
9.3
9.1
8.8
8.3
7.6
6.3
8.4
11.7
12.4
15.4
13.4
14.2
15.1
14.7
12.7
11.1
12.6
14.4
12.4
11.8
11.9
11.0
10.6
11.7
10.0
10.8
10.5
9.0
7.1
2.3
3.3
1.7
1.2
0.7
0.9
3.7
5.3
4.6
3.3
5.4
3.5
1.1
5.5
6.8
4.7
6.3
10.3
6.9
5.1
5.9
5.2
4.8
3.1
3.8
3.9
1.8
3.6
10.3
10.6
10.5
6.0
5.3
6.8
4.8
2.3
1.3
-1.7
-0.2
1.1
2.6
-1.2
-5.3
-6.3
-4.6
-4.1
-4.3
-7.2
-1.7
-1.4
-2.5
-0.8
1.3
2.4
2.0
4.5
4.1
2.1
-0.5
0.2
0.8
2.8
5.3
6.6
2.4
0.7
1.6
3.2
4.4
5.2
7.9
7.2
5.7
2.6
2.7
3.0
1.3
-2.7
-3.8
-3.7
-2.9
0.4
1.2
1.1
1.9
-0.7
-2.0
0.6
0.7
1.0
1.9
2.8
4.3
6.0
6.8
3.7
-2.1
0.6
1.2
1.3
4.8
7.6
10.0
7.5
4.0
1.5
2.6
4.2
4.0
4.7
3.1
-0.7
-0.6
0.6
1.4
-0.2
-4.6
-2.9
-0.7
1.7
3.3
3.9
4.9
0.0
0.7
-0.1
-0.3
0.1
4.4
2.5
1.1
1.7
1.7
1.4
1.4
1.7
0.8
1.7
3.0
8.0
9.1
4.9
1.2
2.1
3.6
3.7
5.6
6.4
7.1
8.5
6.5
5.5
6.7
8.0
9.8
11.4
8.1
7.6
9.5
11.1
12.2
11.7
12.7
9.8
4.1
7.2
9.9
10.5
4.4
4.0
6.8
6.7
11.0
14.1
12.6
13.9
12.2
8.6
3.6
6.4
8.7
10.5
12.6
13.3
14.1
14.9
15.5
18.2
16.5
14.7
14.7
14.0
13.5
13.9
13.1
10.3
14.3
17.0
16.8
17.8
17.5
17.5
18.7
20.0
20.1
14.3
9.9
12.5
15.3
18.1
18.6
18.9
19.2
18.6
18.0
19.4
16.3
14.8
16.0
18.7
19.7
18.8
20.5
18.0
20.5
20.6
18.3
16.5
15.6
16.1
16.3
15.8
16.3
18.2
18.9
17.4
16.7
17.9
17.8
14.2
15.1
18.7
17.9
20.0
19.7
21.7
23.4
22.7
20.7
24.2
26.7
27.6
23.2
23.1
19.3
17.9
18.3
20.3
21.7
23.2
20.1
18.5
17.7
17.4
17.8
17.5
20.6
22.5
24.6
26.8
24.4
24.2
24.7
21.5
21.9
17.8
18.1
20.0
21.8
25.6
15.6
13.2
15.9
18.1
20.7
20.0
21.1
22.7
24.6
25.7
24.1
24.8
23.0
19.2
18.1
19.8
21.9
22.1
21.6
17.5
15.6
16.1
12.7
13.2
14.5
17.4
18.2
17.8
18.0
19.9
15.5
13.5
16.2
14.8
14.0
15.0
13.6
13.9
14.1
16.3
14.8
13.6
12.2
13.1
12.9
13.9
14.7
13.5
14.9
15.4
16.1
16.6
16.6
15.0
17.5
16.4
16.6
15.7
14.9
13.3
10.4
10.7
10.4
11.8
11.5
11.2
9.4
10.4
13.0
12.8
13.4
12.4
10.8
9.5
7.8
6.1
8.4
9.2
8.0
4.4
5.2
8.6
6.1
1.9
0.8
0.7
1.8
3.3
0.6
1.9
4.9
2.5
-1.1
-3.5
-3.8
-0.3
-0.6
0.2
-4.7
-5.1
-3.5
-2.0
-0.4
2.1
2.8
0.7
0.6
1.6
-1.8
-4.1
-2.4
-7.6
-11.5
-7.6
-3.2
-1.9
-0.8
2.2
0.4
-3.4
0.7
3.2
3.0
5.1
2.2
1.7
0.0
-0.9
0.1
2.0
5.4
3.4
1.4
-2.6
-5.9
-6.2
-7.1
-1.1
1.2
-2.8
-1.1
0.4
2.7
3.2
-0.1
0.2
-0.5
1.6
0.1
-0.2
